,Close,High,Low,Open,Volume
2023-11-01,45.0,73.80000305175781,41.0,70.0,93400
2023-11-02,37.0,51.79999923706055,33.20000076293945,46.0,36495
2023-11-03,37.20000076293945,39.400001525878906,35.20000076293945,36.400001525878906,9360
2023-11-06,35.599998474121094,37.15999984741211,35.0,36.400001525878906,4895
2023-11-07,30.799999237060547,36.0,30.600000381469727,36.0,6720
2023-11-08,28.799999237060547,31.39999961853028,26.39999961853028,30.799999237060547,7580
2023-11-09,42.59999847412109,63.0,25.600000381469727,28.799999237060547,377445
2023-11-10,38.400001525878906,43.0,34.0,41.59999847412109,16725
2023-11-13,37.5,42.0,35.79999923706055,38.59999847412109,13200
2023-11-14,42.63999938964844,43.79999923706055,38.0,39.79999923706055,16760
2023-11-15,54.79999923706055,85.0,42.79999923706055,42.79999923706055,88295
2023-11-16,56.20000076293945,61.77999877929688,46.20000076293945,54.59999847412109,24925
2023-11-17,51.400001525878906,62.59999847412109,48.59999847412109,53.400001525878906,10960
2023-11-20,53.400001525878906,59.59999847412109,49.59999847412109,51.20000076293945,13110
2023-11-21,55.59999847412109,60.0,52.0,55.0,8525
2023-11-22,52.59999847412109,58.20000076293945,52.400001525878906,56.0,3390
2023-11-24,52.0,56.400001525878906,50.0,52.91999816894531,1980
2023-11-27,39.59999847412109,54.59999847412109,36.59999847412109,53.20000076293945,8360
2023-11-28,31.520000457763672,43.0,30.200000762939453,40.400001525878906,12540
2023-11-29,30.84000015258789,35.0,30.799999237060547,34.0,4740
2023-11-30,29.200000762939453,32.400001525878906,29.200000762939453,31.600000381469727,4315
2023-12-01,44.0,46.79999923706055,28.799999237060547,32.20000076293945,238355
2023-12-04,49.0,50.79999923706055,37.79999923706055,38.20000076293945,20990
2023-12-05,46.20000076293945,51.09999847412109,42.400001525878906,49.59999847412109,8100
2023-12-06,66.19999694824219,79.4000015258789,44.20000076293945,46.20000076293945,68780
2023-12-07,72.0,78.0,66.19999694824219,66.19999694824219,23755
2023-12-08,64.0,72.0,59.0,67.19999694824219,10305
2023-12-11,40.20000076293945,65.19999694824219,38.0,62.400001525878906,12195
2023-12-12,42.79999923706055,52.0,41.0,43.400001525878906,13215
2023-12-13,38.59999847412109,47.59999847412109,35.099998474121094,47.59999847412109,18070
2023-12-14,32.0,40.0,29.200000762939453,38.0,32685
2023-12-15,35.599998474121094,38.0,32.720001220703125,35.20000076293945,13830
2023-12-18,35.20000076293945,37.13999938964844,34.20000076293945,34.400001525878906,4720
2023-12-19,34.20000076293945,36.0,32.400001525878906,36.0,3850
2023-12-20,33.79999923706055,34.599998474121094,32.20000076293945,34.20000076293945,2590
2023-12-21,39.58000183105469,42.400001525878906,33.79999923706055,33.79999923706055,20555
2023-12-22,37.20000076293945,39.59999847412109,35.20000076293945,39.400001525878906,4880
2023-12-26,37.400001525878906,38.400001525878906,36.060001373291016,37.20000076293945,1335
2023-12-27,36.400001525878906,38.36000061035156,35.20000076293945,37.77999877929688,2490
2023-12-28,36.79999923706055,36.79999923706055,34.0,35.58000183105469,2180
2023-12-29,35.79999923706055,36.59999847412109,34.20000076293945,36.400001525878906,2200
2024-01-02,35.79999923706055,36.0,32.400001525878906,34.0,1360
2024-01-03,34.79999923706055,35.0,33.0,33.63999938964844,885
2024-01-04,33.400001525878906,35.0,32.5,33.599998474121094,1660
2024-01-05,33.0,34.79999923706055,32.400001525878906,33.599998474121094,1085
2024-01-08,32.599998474121094,34.79999923706055,32.060001373291016,33.0,760
2024-01-09,32.0,34.79999923706055,32.0,34.0,4875
2024-01-10,32.400001525878906,33.400001525878906,32.20000076293945,32.20000076293945,1145
2024-01-11,31.200000762939453,33.0,31.200000762939453,32.79999923706055,1895
2024-01-12,30.600000381469727,32.29999923706055,30.21999931335449,32.0,860
2024-01-16,33.400001525878906,34.599998474121094,31.39999961853028,32.20000076293945,1560
2024-01-17,33.20000076293945,34.79999923706055,32.0,33.79999923706055,750
2024-01-18,33.79999923706055,34.0,31.89999961853028,31.89999961853028,540
2024-01-19,32.599998474121094,34.0,32.0,33.20000076293945,1095
2024-01-22,33.13999938964844,34.0,32.0,33.2400016784668,220
2024-01-23,33.79999923706055,33.79999923706055,31.39999961853028,32.599998474121094,645
2024-01-24,33.20000076293945,33.58000183105469,31.799999237060547,33.29999923706055,515
2024-01-25,32.79999923706055,34.459999084472656,32.79999923706055,33.0,990
2024-01-26,32.79999923706055,34.20000076293945,31.799999237060547,34.20000076293945,525
2024-01-29,32.599998474121094,33.599998474121094,30.0,32.20000076293945,1895
2024-01-30,30.799999237060547,31.39999961853028,30.600000381469727,30.799999237060547,530
2024-01-31,30.0,31.200000762939453,30.0,30.8799991607666,615
2024-02-01,31.200000762939453,31.200000762939453,29.0,30.34000015258789,990
2024-02-02,28.799999237060547,30.0,28.799999237060547,30.0,570
2024-02-05,28.39999961853028,29.059999465942383,28.0,28.799999237060547,1030
2024-02-06,29.0,31.0,28.0,28.200000762939453,570
2024-02-07,28.39999961853028,30.440000534057617,28.0,29.200000762939453,495
2024-02-08,27.89999961853028,29.21999931335449,27.0,28.200000762939453,985
2024-02-09,28.799999237060547,28.940000534057617,27.200000762939453,28.200000762939453,455
2024-02-12,26.200000762939453,29.0,26.200000762939453,27.89999961853028,1055
2024-02-13,25.200000762939453,27.0,24.0,26.200000762939453,2325
2024-02-14,26.39999961853028,26.39999961853028,24.200000762939453,24.200000762939453,1465
2024-02-15,27.100000381469727,27.39999961853028,26.39999961853028,26.39999961853028,310
2024-02-16,25.799999237060547,27.39999961853028,25.0,27.200000762939453,670
2024-02-20,26.200000762939453,26.600000381469727,25.600000381469727,25.81999969482422,890
2024-02-21,27.600000381469727,29.0,24.799999237060547,24.799999237060547,7950
2024-02-22,30.0,30.0,27.21999931335449,27.39999961853028,2350
2024-02-23,29.39999961853028,30.600000381469727,27.600000381469727,29.0,1085
2024-02-26,29.799999237060547,32.29999923706055,28.39999961853028,29.39999961853028,3305
2024-02-27,29.799999237060547,30.5,28.600000381469727,30.200000762939453,1445
2024-02-28,31.39999961853028,33.20000076293945,29.799999237060547,31.600000381469727,3920
2024-02-29,30.0,32.599998474121094,29.39999961853028,32.599998474121094,2395
2024-03-01,30.0,32.0,28.0,30.059999465942383,4255
2024-03-04,29.600000381469727,32.0,29.600000381469727,30.0,1490
2024-03-05,28.600000381469727,30.799999237060547,28.39999961853028,30.799999237060547,1330
2024-03-06,28.940000534057617,30.0,28.600000381469727,30.0,415
2024-03-07,27.520000457763672,28.600000381469727,26.799999237060547,28.600000381469727,860
2024-03-08,27.600000381469727,29.0,27.39999961853028,27.39999961853028,550
2024-03-11,27.89999961853028,28.799999237060547,27.600000381469727,28.39999961853028,505
2024-03-12,27.0,28.0,26.479999542236328,27.799999237060547,550
2024-03-13,28.799999237060547,28.799999237060547,27.39999961853028,28.39999961853028,600
2024-03-14,27.440000534057617,28.39999961853028,26.39999961853028,28.3799991607666,535
2024-03-15,27.799999237060547,27.89999961853028,27.200000762939453,27.600000381469727,305
2024-03-18,27.799999237060547,27.799999237060547,27.0,27.39999961853028,150
2024-03-19,26.600000381469727,27.57999992370605,26.600000381469727,27.57999992370605,490
2024-03-20,33.599998474121094,33.79999923706055,25.0,26.600000381469727,10890
2024-03-21,29.39999961853028,34.79999923706055,27.200000762939453,34.79999923706055,61510
2024-03-22,28.39999961853028,30.799999237060547,27.600000381469727,30.799999237060547,4985
2024-03-25,26.299999237060547,27.799999237060547,25.799999237060547,27.600000381469727,2145
2024-03-26,26.0,27.0,25.299999237060547,25.799999237060547,1940
2024-03-27,28.200000762939453,29.65999984741211,26.200000762939453,26.200000762939453,3205
2024-03-28,28.600000381469727,29.39999961853028,27.600000381469727,28.89999961853028,1590
2024-04-01,28.0,29.0,27.600000381469727,29.0,155
2024-04-02,26.799999237060547,28.100000381469727,26.600000381469727,28.100000381469727,685
2024-04-03,26.799999237060547,27.200000762939453,26.600000381469727,26.600000381469727,470
2024-04-04,27.799999237060547,28.39999961853028,27.0,27.0,675
2024-04-05,27.600000381469727,29.200000762939453,27.200000762939453,29.0,630
2024-04-08,27.600000381469727,28.600000381469727,27.200000762939453,27.39999961853028,725
2024-04-09,32.599998474121094,33.79999923706055,28.39999961853028,30.39999961853028,28620
2024-04-10,31.200000762939453,32.79999923706055,30.200000762939453,31.0,5185
2024-04-11,32.0,32.599998474121094,30.39999961853028,31.200000762939453,1970
2024-04-12,30.299999237060547,33.20000076293945,29.799999237060547,32.20000076293945,2895
2024-04-15,28.600000381469727,31.959999084472656,28.600000381469727,31.959999084472656,1210
2024-04-16,29.600000381469727,30.0,27.600000381469727,27.600000381469727,1210
2024-04-17,28.799999237060547,33.0,28.799999237060547,28.799999237060547,5110
2024-04-18,32.79999923706055,34.0,26.600000381469727,30.799999237060547,16480
2024-04-19,26.200000762939453,42.79999923706055,24.600000381469727,37.0,59430
2024-04-22,25.799999237060547,27.799999237060547,24.799999237060547,26.200000762939453,8375
2024-04-23,27.600000381469727,27.600000381469727,25.600000381469727,25.600000381469727,2220
2024-04-24,27.299999237060547,29.600000381469727,26.39999961853028,27.39999961853028,3130
2024-04-25,26.39999961853028,27.39999961853028,25.600000381469727,26.799999237060547,9010
2024-04-26,26.600000381469727,27.0,26.39999961853028,26.39999961853028,595
2024-04-29,27.600000381469727,28.200000762939453,26.600000381469727,27.020000457763672,1135
2024-04-30,27.100000381469727,28.0,26.0,27.600000381469727,2750
2024-05-01,26.39999961853028,27.059999465942383,26.299999237060547,26.89999961853028,395
2024-05-02,26.799999237060547,28.200000762939453,26.600000381469727,26.600000381469727,2020
2024-05-03,25.799999237060547,26.600000381469727,25.39999961853028,26.600000381469727,5215
2024-05-06,25.39999961853028,26.200000762939453,24.600000381469727,25.799999237060547,5265
2024-05-07,25.200000762939453,26.600000381469727,25.200000762939453,25.39999961853028,1265
2024-05-08,25.0,26.0,24.799999237060547,25.71999931335449,4030
2024-05-09,24.799999237060547,25.100000381469727,24.39999961853028,24.39999961853028,1500
2024-05-10,25.799999237060547,27.200000762939453,25.0,25.0,5650
2024-05-13,25.39999961853028,25.799999237060547,24.200000762939453,25.600000381469727,3515
2024-05-14,25.239999771118164,26.0,25.0,25.0,2945
2024-05-15,26.0,26.799999237060547,25.600000381469727,26.39999961853028,4790
2024-05-16,26.0,26.200000762939453,25.600000381469727,26.0,1260
2024-05-17,25.600000381469727,26.0,25.600000381469727,25.6200008392334,1420
2024-05-20,25.39999961853028,25.799999237060547,25.200000762939453,25.600000381469727,500
2024-05-21,26.200000762939453,27.0,24.0,25.739999771118164,6200
2024-05-22,28.39999961853028,42.0,26.600000381469727,26.600000381469727,251140
2024-05-23,24.799999237060547,27.020000457763672,24.39999961853028,26.39999961853028,27340
2024-05-24,24.200000762939453,25.540000915527344,24.200000762939453,25.0,4750
2024-05-28,24.39999961853028,25.200000762939453,23.200000762939453,25.200000762939453,9165
2024-05-29,25.600000381469727,25.799999237060547,23.979999542236328,24.0,6775
2024-05-30,24.600000381469727,29.600000381469727,24.0,25.280000686645508,65955
2024-05-31,23.0,24.920000076293945,22.200000762939453,24.600000381469727,11365
2024-06-03,22.600000381469727,24.39999961853028,22.0,24.39999961853028,2905
2024-06-04,21.700000762939453,22.39999961853028,21.0,22.0,1735
2024-06-05,23.0,23.600000381469727,21.200000762939453,22.39999961853028,980
2024-06-06,21.600000381469727,22.799999237060547,21.600000381469727,22.799999237060547,1090
2024-06-07,21.600000381469727,22.799999237060547,21.200000762939453,21.39999961853028,1070
2024-06-10,21.200000762939453,22.0,20.600000381469727,21.57999992370605,2965
2024-06-11,20.600000381469727,21.100000381469727,20.200000762939453,20.700000762939453,1680
2024-06-12,21.39999961853028,21.799999237060547,20.600000381469727,21.600000381469727,1065
2024-06-13,21.0,22.0,20.799999237060547,21.799999237060547,770
2024-06-14,20.799999237060547,21.0,20.200000762939453,20.799999237060547,1700
2024-06-17,19.239999771118164,20.799999237060547,18.31999969482422,20.6200008392334,2565
2024-06-18,19.39999961853028,19.39999961853028,18.1200008392334,19.020000457763672,3125
2024-06-20,18.600000381469727,20.0,18.39999961853028,19.959999084472656,870
2024-06-21,19.559999465942383,19.600000381469727,18.0,18.600000381469727,2365
2024-06-24,18.0,19.0,17.799999237060547,18.600000381469727,1040
2024-06-25,17.799999237060547,18.799999237060547,15.0,18.0,1055
2024-06-26,17.100000381469727,18.600000381469727,16.200000762939453,17.200000762939453,1245
2024-06-27,17.8799991607666,17.899999618530273,16.3799991607666,17.600000381469727,885
2024-06-28,16.799999237060547,17.739999771118164,16.0,17.200000762939453,375
2024-07-01,16.479999542236328,17.18000030517578,16.139999389648438,16.799999237060547,435
2024-07-02,16.059999465942383,17.0,16.059999465942383,16.059999465942383,430
2024-07-03,15.779999732971191,16.399999618530273,15.199999809265137,16.280000686645508,705
2024-07-05,14.800000190734863,16.600000381469727,14.199999809265137,16.600000381469727,1065
2024-07-08,14.0,15.0,13.399999618530272,15.0,1655
2024-07-09,13.600000381469728,14.800000190734863,12.279999732971191,13.699999809265137,1395
2024-07-10,13.68000030517578,13.68000030517578,12.539999961853027,13.0,510
2024-07-11,13.100000381469728,14.0,12.199999809265137,12.34000015258789,880
2024-07-12,13.199999809265137,14.0,13.15999984741211,13.81999969482422,365
2024-07-15,13.520000457763672,14.119999885559082,13.220000267028809,14.119999885559082,3185
2024-07-16,14.0,16.739999771118164,13.800000190734863,15.800000190734863,172155
2024-07-17,18.100000381469727,23.0,14.119999885559082,18.299999237060547,130860
2024-07-18,15.600000381469728,19.600000381469727,15.0,17.920000076293945,17760
2024-07-19,16.600000381469727,17.280000686645508,15.0,15.800000190734863,12500
2024-07-22,19.0,19.39999961853028,17.0,19.39999961853028,12120
2024-07-23,17.0,22.0,16.0,19.39999961853028,20075
2024-07-24,17.940000534057617,20.799999237060547,17.399999618530273,20.0,6935
2024-07-25,18.89999961853028,23.0,17.65999984741211,18.479999542236328,21295
2024-07-26,20.0,26.200000762939453,20.0,21.200000762939453,22245
2024-07-29,22.799999237060547,24.39999961853028,21.600000381469727,22.799999237060547,16225
2024-07-30,20.0,23.799999237060547,19.600000381469727,22.39999961853028,7565
2024-07-31,20.739999771118164,23.0,19.420000076293945,19.420000076293945,14370
2024-08-01,20.0,21.799999237060547,19.600000381469727,21.200000762939453,4470
2024-08-02,18.799999237060547,20.39999961853028,18.020000457763672,19.39999961853028,5740
2024-08-05,18.39999961853028,18.39999961853028,15.0,16.719999313354492,4215
2024-08-06,17.5,18.39999961853028,16.8799991607666,17.84000015258789,1440
2024-08-07,16.899999618530273,18.200000762939453,16.760000228881836,17.639999389648438,4350
2024-08-08,17.479999542236328,17.479999542236328,15.739999771118164,16.18000030517578,1510
2024-08-09,19.5,20.0,17.600000381469727,18.26000022888184,2670
2024-08-12,20.0,21.0,18.39999961853028,20.39999961853028,9280
2024-08-13,21.39999961853028,22.0,19.39999961853028,19.39999961853028,9205
2024-08-14,19.39999961853028,22.0,19.200000762939453,22.0,8510
2024-08-15,18.739999771118164,21.0,17.600000381469727,20.200000762939453,12270
2024-08-16,18.600000381469727,19.799999237060547,18.0,18.39999961853028,8800
2024-08-19,20.200000762939453,20.39999961853028,18.21999931335449,18.540000915527344,4385
2024-08-20,20.799999237060547,20.799999237060547,18.600000381469727,19.600000381469727,8050
2024-08-21,19.71999931335449,20.799999237060547,18.39999961853028,20.39999961853028,11285
2024-08-22,19.600000381469727,20.200000762939453,19.100000381469727,20.200000762939453,2725
2024-08-23,19.040000915527344,19.979999542236328,18.799999237060547,19.21999931335449,4170
2024-08-26,18.0,19.799999237060547,17.8799991607666,19.799999237060547,5420
2024-08-27,18.020000457763672,18.780000686645508,17.200000762939453,18.540000915527344,3765
2024-08-28,17.799999237060547,18.200000762939453,17.0,18.200000762939453,4440
2024-08-29,17.219999313354492,18.200000762939453,17.200000762939453,17.200000762939453,2805
2024-08-30,17.559999465942383,18.18000030517578,16.420000076293945,18.07999992370605,5740
2024-09-03,17.799999237060547,18.15999984741211,16.600000381469727,17.239999771118164,2120
2024-09-04,16.600000381469727,17.600000381469727,16.200000762939453,17.0,2045
2024-09-05,17.440000534057617,18.0,16.200000762939453,17.0,2855
2024-09-06,17.0,17.780000686645508,15.779999732971191,16.899999618530273,3545
2024-09-09,16.020000457763672,17.0,16.0,16.799999237060547,1905
2024-09-10,16.780000686645508,16.799999237060547,15.199999809265137,16.020000457763672,4350
2024-09-11,16.0,16.5,15.460000038146973,16.0,3025
2024-09-12,16.100000381469727,16.600000381469727,15.619999885559082,16.600000381469727,940
2024-09-13,16.0,16.399999618530273,15.399999618530272,15.65999984741211,975
2024-09-16,16.0,16.200000762939453,15.220000267028809,15.31999969482422,1805
2024-09-17,15.800000190734863,16.0,15.300000190734863,15.420000076293944,935
2024-09-18,16.0,16.780000686645508,15.31999969482422,15.31999969482422,3545
2024-09-19,16.200000762939453,16.600000381469727,15.899999618530272,16.200000762939453,3970
2024-09-20,15.960000038146973,17.68000030517578,15.300000190734863,17.68000030517578,17035
2024-09-23,14.199999809265137,16.860000610351562,14.0,16.0,16660
2024-09-24,14.600000381469728,16.0,14.399999618530272,16.0,10545
2024-09-25,14.399999618530272,15.899999618530272,14.199999809265137,15.899999618530272,11415
2024-09-26,14.359999656677246,14.800000190734863,13.600000381469728,14.420000076293944,5495
2024-09-27,13.960000038146973,14.4399995803833,13.800000190734863,14.399999618530272,1855
2024-09-30,13.68000030517578,14.399999618530272,13.399999618530272,13.600000381469728,4460
2024-10-01,13.800000190734863,14.0,13.0,13.600000381469728,3845
2024-10-02,13.760000228881836,14.199999809265137,13.399999618530272,13.5600004196167,2720
2024-10-03,13.5,14.300000190734863,13.399999618530272,13.600000381469728,1210
2024-10-04,14.199999809265137,14.199999809265137,13.5,14.18000030517578,2045
2024-10-07,14.0,14.199999809265137,13.399999618530272,13.760000228881836,3790
2024-10-08,13.399999618530272,14.0,13.18000030517578,13.5600004196167,2445
2024-10-09,13.979999542236328,14.0,13.220000267028809,13.399999618530272,1915
2024-10-10,13.84000015258789,14.0,13.199999809265137,13.84000015258789,1420
2024-10-11,13.100000381469728,13.979999542236328,13.0,13.279999732971191,5150
2024-10-14,13.399999618530272,13.600000381469728,12.699999809265137,12.920000076293944,2535
2024-10-15,13.0,13.600000381469728,12.600000381469728,12.899999618530272,710
2024-10-16,14.0,14.800000190734863,12.600000381469728,12.600000381469728,7185
2024-10-17,14.399999618530272,14.399999618530272,13.5,13.600000381469728,57205
2024-10-18,12.800000190734863,13.800000190734863,12.800000190734863,12.800000190734863,12180
2024-10-21,13.100000381469728,13.31999969482422,12.420000076293944,13.31999969482422,3995
2024-10-22,13.880000114440918,13.920000076293944,13.039999961853027,13.220000267028809,2265
2024-10-23,13.880000114440918,14.18000030517578,13.18000030517578,13.9399995803833,2210
2024-10-24,13.460000038146973,13.880000114440918,12.81999969482422,13.600000381469728,1315
2024-10-25,13.600000381469728,14.0,13.359999656677246,13.460000038146973,3495
2024-10-28,13.800000190734863,13.979999542236328,13.220000267028809,13.220000267028809,1295
2024-10-29,13.600000381469728,14.0,13.220000267028809,14.0,740
2024-10-30,13.479999542236328,13.739999771118164,13.199999809265137,13.380000114440918,885
2024-10-31,13.399999618530272,13.739999771118164,12.699999809265137,13.199999809265137,2130
2024-11-01,13.5,14.0,13.020000457763672,13.899999618530272,1925
2024-11-04,13.800000190734863,13.880000114440918,12.600000381469728,13.880000114440918,175
2024-11-05,13.15999984741211,13.359999656677246,12.81999969482422,13.300000190734863,460
2024-11-06,13.31999969482422,13.520000457763672,12.399999618530272,13.199999809265137,620
2024-11-07,12.979999542236328,12.979999542236328,12.520000457763672,12.859999656677246,565
2024-11-08,12.600000381469728,12.979999542236328,12.539999961853027,12.800000190734863,1165
2024-11-11,13.260000228881836,13.600000381469728,12.539999961853027,12.600000381469728,3815
2024-11-12,15.600000381469728,16.600000381469727,14.199999809265137,14.699999809265137,44885
2024-11-13,12.0,15.779999732971191,11.279999732971191,15.779999732971191,16770
2024-11-14,11.359999656677246,12.600000381469728,10.279999732971191,12.600000381469728,10920
2024-11-15,10.65999984741211,11.800000190734863,10.600000381469728,11.199999809265137,7135
2024-11-18,10.0600004196167,10.800000190734863,9.15999984741211,10.399999618530272,2745
2024-11-19,10.520000457763672,10.9399995803833,10.0,10.0,1010
2024-11-20,9.600000381469728,10.739999771118164,9.600000381469728,10.739999771118164,1495
2024-11-21,9.199999809265137,9.979999542236328,9.020000457763672,9.65999984741211,3475
2024-11-22,8.619999885559082,9.81999969482422,8.520000457763672,9.199999809265137,2195
2024-11-25,10.199999809265137,10.399999618530272,8.5,8.5,6855
2024-11-26,9.81999969482422,10.600000381469728,9.539999961853027,10.399999618530272,2270
2024-11-27,9.800000190734863,10.600000381469728,9.31999969482422,10.140000343322754,1900
2024-11-29,10.0,10.5,9.800000190734863,10.5,1010
2024-12-02,9.880000114440918,10.960000038146973,9.5,10.600000381469728,4700
2024-12-03,10.0,10.600000381469728,9.800000190734863,9.899999618530272,790
2024-12-04,10.020000457763672,10.600000381469728,9.600000381469728,10.600000381469728,3045
2024-12-05,10.0,10.199999809265137,9.800000190734863,10.0,1495
2024-12-06,9.899999618530272,10.199999809265137,9.600000381469728,10.0,1445
2024-12-09,10.0,10.300000190734863,9.800000190734863,10.0,2425
2024-12-10,9.84000015258789,10.140000343322754,9.800000190734863,9.800000190734863,910
2024-12-11,9.800000190734863,10.100000381469728,9.800000190734863,9.84000015258789,590
2024-12-12,9.800000190734863,10.18000030517578,9.199999809265137,9.800000190734863,4495
2024-12-13,9.020000457763672,9.960000038146973,9.0,9.960000038146973,2910
2024-12-16,8.5,9.31999969482422,8.199999809265137,9.31999969482422,1950
2024-12-17,8.600000381469727,9.199999809265137,8.399999618530273,8.399999618530273,1140
2024-12-18,9.640000343322754,12.0,8.220000267028809,8.399999618530273,22115
2024-12-19,9.399999618530272,10.399999618530272,8.720000267028809,10.399999618530272,3350
2024-12-20,8.800000190734863,9.800000190734863,8.800000190734863,9.5,2560
2024-12-23,9.119999885559082,10.380000114440918,8.600000381469727,8.600000381469727,3670
2024-12-24,9.0,9.800000190734863,8.720000267028809,9.020000457763672,3070
2024-12-26,9.380000114440918,9.5,8.779999732971191,9.199999809265137,2230
2024-12-27,8.819999694824219,9.920000076293944,8.800000190734863,9.199999809265137,1365
2024-12-30,9.15999984741211,9.539999961853027,8.760000228881836,8.84000015258789,2305
2024-12-31,9.039999961853027,9.600000381469728,8.600000381469727,8.819999694824219,1940
2025-01-02,10.399999618530272,11.0,8.699999809265137,8.800000190734863,7325
2025-01-03,10.800000190734863,10.859999656677246,9.859999656677246,10.739999771118164,4390
2025-01-06,10.399999618530272,10.800000190734863,10.199999809265137,10.300000190734863,4615
2025-01-07,10.399999618530272,10.600000381469728,9.4399995803833,10.260000228881836,38640
2025-01-08,9.600000381469728,10.600000381469728,9.0,10.600000381469728,8860
2025-01-10,9.0,9.399999618530272,8.600000381469727,9.399999618530272,4900
2025-01-13,8.600000381469727,9.600000381469728,8.600000381469727,9.18000030517578,7730
2025-01-14,8.460000038146973,9.199999809265137,8.420000076293945,9.199999809265137,4845
2025-01-15,8.84000015258789,9.0,8.399999618530273,8.399999618530273,3585
2025-01-16,8.460000038146973,8.9399995803833,8.399999618530273,8.399999618530273,3335
2025-01-17,8.899999618530273,9.300000190734863,8.420000076293945,8.4399995803833,1600
2025-01-21,9.079999923706056,9.600000381469728,8.979999542236328,9.579999923706056,5840
2025-01-22,10.5600004196167,14.0,9.34000015258789,9.460000038146973,308265
2025-01-23,11.020000457763672,12.0,9.800000190734863,9.800000190734863,24300
2025-01-24,11.18000030517578,11.619999885559082,10.399999618530272,10.699999809265137,11225
2025-01-27,10.84000015258789,11.199999809265137,10.399999618530272,11.18000030517578,6330
2025-01-28,10.199999809265137,10.800000190734863,10.039999961853027,10.520000457763672,3315
2025-01-29,9.979999542236328,10.539999961853027,9.399999618530272,10.539999961853027,5760
2025-01-30,10.0,10.300000190734863,9.779999732971191,9.9399995803833,2850
2025-01-31,10.0,10.460000038146973,9.699999809265137,10.039999961853027,2415
2025-02-03,9.399999618530272,9.979999542236328,9.399999618530272,9.800000190734863,2195
2025-02-04,9.220000267028809,9.720000267028809,8.619999885559082,9.399999618530272,5270
2025-02-05,9.279999732971191,10.0,9.020000457763672,9.020000457763672,2245
2025-02-06,9.539999961853027,9.760000228881836,9.199999809265137,9.199999809265137,3165
2025-02-07,9.760000228881836,9.779999732971191,9.420000076293944,9.600000381469728,2000
2025-02-10,9.399999618530272,9.739999771118164,9.199999809265137,9.199999809265137,2945
2025-02-11,9.199999809265137,9.68000030517578,9.140000343322754,9.220000267028809,1490
2025-02-12,9.140000343322754,9.5600004196167,9.0,9.279999732971191,1330
2025-02-13,9.18000030517578,9.399999618530272,8.979999542236328,9.020000457763672,590
2025-02-14,8.84000015258789,9.720000267028809,8.800000190734863,8.979999542236328,1215
2025-02-18,9.0,9.199999809265137,8.800000190734863,8.9399995803833,3050
2025-02-19,9.18000030517578,9.600000381469728,8.819999694824219,8.899999618530273,1300
2025-02-20,8.899999618530273,9.0600004196167,8.800000190734863,8.800000190734863,565
2025-02-21,8.100000381469727,9.399999618530272,8.0,8.800000190734863,5105
2025-02-24,7.800000190734863,8.220000267028809,7.400000095367432,8.0,4660
2025-02-25,7.300000190734863,8.0,7.0,8.0,5460
2025-02-26,7.260000228881836,7.659999847412109,7.139999866485596,7.300000190734863,1100
2025-02-27,7.119999885559082,7.260000228881836,7.0,7.139999866485596,955
2025-02-28,7.400000095367432,7.800000190734863,6.800000190734863,7.199999809265137,3760
2025-03-03,7.019999980926514,7.800000190734863,6.960000038146973,7.800000190734863,2135
2025-03-04,7.019999980926514,7.599999904632568,6.460000038146973,6.820000171661377,2625
2025-03-05,6.860000133514404,7.539999961853027,6.199999809265137,6.800000190734863,1030
2025-03-06,7.199999809265137,7.199999809265137,6.679999828338623,6.679999828338623,1420
2025-03-07,7.400000095367432,7.900000095367432,7.0,7.599999904632568,2525
2025-03-10,7.0,7.440000057220459,7.0,7.400000095367432,1645
2025-03-11,7.0,7.099999904632568,6.440000057220459,6.599999904632568,720
2025-03-12,7.400000095367432,7.400000095367432,6.940000057220459,7.0,320
2025-03-13,6.5,7.599999904632568,6.5,7.400000095367432,820
2025-03-14,6.699999809265137,7.0,6.0,6.679999828338623,2570
2025-03-17,6.0,7.0,3.5999999046325684,6.980000019073486,8700
2025-03-18,6.059999942779541,6.400000095367432,5.820000171661377,5.820000171661377,300
2025-03-19,6.599999904632568,7.0,6.199999809265137,6.199999809265137,3680
2025-03-20,6.400000095367432,7.0,6.199999809265137,6.519999980926514,1130
2025-03-21,6.400000095367432,7.0,6.079999923706055,7.0,555
2025-03-24,6.760000228881836,7.0,6.400000095367432,6.699999809265137,1205
2025-03-25,6.159999847412109,7.0,6.139999866485596,6.760000228881836,2925
2025-03-26,5.480000019073486,6.900000095367432,5.480000019073486,6.21999979019165,7285
2025-03-27,6.599999904632568,6.599999904632568,5.199999809265137,5.599999904632568,11880
2025-03-28,5.800000190734863,6.5,5.800000190734863,6.400000095367432,4245
2025-03-31,6.300000190734863,6.5,5.519999980926514,6.0,3620
2025-04-01,6.0,6.400000095367432,5.880000114440918,6.400000095367432,2090
2025-04-02,5.900000095367432,6.400000095367432,5.519999980926514,5.519999980926514,1865
2025-04-03,5.860000133514404,6.019999980926514,5.699999809265137,6.0,3510
2025-04-04,5.71999979019165,6.119999885559082,5.599999904632568,6.119999885559082,1695
2025-04-07,5.800000190734863,5.980000019073486,5.519999980926514,5.980000019073486,1390
2025-04-08,5.5,5.920000076293945,5.460000038146973,5.460000038146973,2980
2025-04-09,5.659999847412109,5.800000190734863,5.059999942779541,5.059999942779541,1260
2025-04-10,5.78000020980835,5.800000190734863,5.400000095367432,5.519999980926514,605
2025-04-11,5.760000228881836,5.78000020980835,5.420000076293945,5.679999828338623,1685
2025-04-14,5.699999809265137,5.760000228881836,5.420000076293945,5.739999771118164,1175
2025-04-15,5.960000038146973,6.0,5.599999904632568,6.0,1065
2025-04-16,5.840000152587891,6.0,5.599999904632568,6.0,3165
2025-04-17,5.820000171661377,5.840000152587891,5.599999904632568,5.840000152587891,230
2025-04-21,5.579999923706055,5.900000095367432,4.400000095367432,5.699999809265137,2205
2025-04-22,5.679999828338623,5.679999828338623,5.400000095367432,5.400000095367432,470
2025-04-23,5.400000095367432,5.860000133514404,5.320000171661377,5.860000133514404,630
2025-04-24,5.5,5.699999809265137,5.300000190734863,5.5,1130
2025-04-25,5.420000076293945,5.599999904632568,5.400000095367432,5.519999980926514,555
2025-04-28,4.400000095367432,5.400000095367432,4.0,5.400000095367432,15530
2025-04-29,4.260000228881836,4.599999904632568,4.199999809265137,4.599999904632568,7305
2025-04-30,4.300000190734863,5.039999961853027,4.300000190734863,4.599999904632568,32950
2025-05-01,3.900000095367432,5.400000095367432,3.7799999713897705,5.400000095367432,385880
2025-05-02,2.740000009536743,2.759999990463257,2.0999999046325684,2.0999999046325684,996695
2025-05-05,2.539999961853028,2.900000095367432,2.400000095367432,2.900000095367432,265445
2025-05-06,2.4800000190734863,3.0,2.200000047683716,2.799999952316284,802725
2025-05-07,2.220000028610229,2.400000095367432,2.180000066757202,2.400000095367432,113860
2025-05-08,2.299999952316284,2.4200000762939453,2.220000028610229,2.220000028610229,102605
2025-05-09,2.400000095367432,2.400000095367432,2.240000009536743,2.2799999713897705,71980
2025-05-12,1.7200000286102295,2.400000095367432,1.2999999523162842,2.400000095367432,114790
2025-05-13,1.7200000286102295,1.7200000286102295,1.7200000286102295,1.7200000286102295,0
2025-05-14,1.7200000286102295,1.7200000286102295,1.7200000286102295,1.7200000286102295,0
2025-05-15,0.5,0.8600000143051147,0.3600000143051147,0.3799999952316284,97855
2025-05-16,0.4600000083446502,0.5,0.2800000011920929,0.4600000083446502,102480
2025-05-19,0.6000000238418579,0.7200000286102295,0.4000000059604645,0.4000000059604645,35045
2025-05-20,1.0,1.0,0.4799999892711639,0.6600000262260437,48955
2025-05-21,1.399999976158142,1.600000023841858,0.8799999952316284,1.0,67655
2025-05-22,1.2000000476837158,1.600000023841858,0.2000000029802322,0.4600000083446502,3580
2025-05-23,1.2400000095367432,1.600000023841858,0.7200000286102295,0.7200000286102295,27550
2025-05-27,1.1399999856948853,1.2400000095367432,0.800000011920929,1.2400000095367432,29510
2025-05-28,1.0,1.2000000476837158,0.8399999737739563,1.2000000476837158,18370
2025-05-29,0.9800000190734864,1.0,0.800000011920929,0.800000011920929,4415
2025-05-30,0.800000011920929,1.0,0.800000011920929,0.8399999737739563,6005
2025-06-02,0.9200000166893004,1.0,0.6200000047683716,0.6200000047683716,7790
2025-06-03,1.0399999618530271,1.0800000429153442,0.699999988079071,0.699999988079071,3120
2025-06-04,1.3799999952316284,1.5800000429153442,0.8199999928474426,1.0800000429153442,19145
2025-06-05,1.3799999952316284,1.4800000190734863,0.6200000047683716,0.6200000047683716,14950
2025-06-06,1.3799999952316284,1.399999976158142,1.100000023841858,1.100000023841858,3935
2025-06-09,1.2999999523162842,1.4800000190734863,0.6200000047683716,1.3799999952316284,3975
2025-06-10,1.2999999523162842,1.399999976158142,0.5,0.5,3940
2025-06-11,1.3799999952316284,1.399999976158142,0.7599999904632568,1.399999976158142,1740
2025-06-12,1.3200000524520874,1.559999942779541,0.6200000047683716,0.6200000047683716,4400
2025-06-13,1.2400000095367432,1.3200000524520874,0.7599999904632568,0.7599999904632568,670
2025-06-16,1.2400000095367432,1.559999942779541,0.6200000047683716,0.6200000047683716,1420
2025-06-17,1.2000000476837158,1.2000000476837158,0.8199999928474426,0.8199999928474426,2055
2025-06-18,1.2000000476837158,1.2000000476837158,0.8199999928474426,0.8199999928474426,1640
2025-06-20,1.2000000476837158,1.2000000476837158,0.6200000047683716,0.6200000047683716,595
2025-06-23,1.399999976158142,1.399999976158142,0.8199999928474426,1.2000000476837158,2080
2025-06-24,1.2599999904632568,1.399999976158142,0.800000011920929,0.800000011920929,1115
2025-06-25,1.600000023841858,1.600000023841858,0.6600000262260437,0.6600000262260437,24625
2025-06-26,1.7999999523162842,2.400000095367432,1.0,1.0,14010
2025-06-27,2.0,2.0,1.0399999618530271,1.899999976158142,6110
2025-06-30,2.0,2.0,1.2000000476837158,2.0,2085
2025-07-01,2.0,2.0,1.2000000476837158,1.2200000286102295,2845
2025-07-02,2.0,2.0,1.399999976158142,2.0,1735
2025-07-03,1.940000057220459,1.9800000190734863,1.399999976158142,1.9800000190734863,330
2025-07-07,1.8799999952316284,1.8799999952316284,1.5,1.5,1635
2025-07-08,1.600000023841858,2.0,1.5,2.0,3635
2025-07-09,1.5,2.0,1.5,2.0,1115
2025-07-10,1.7999999523162842,1.7999999523162842,1.0399999618530271,1.7999999523162842,2975
2025-07-11,1.600000023841858,1.7999999523162842,1.0399999618530271,1.0399999618530271,1090
2025-07-14,1.899999976158142,2.0,1.0399999618530271,1.0399999618530271,6560
2025-07-15,1.899999976158142,2.0,1.0399999618530271,2.0,12770
2025-07-16,2.0,3.0,1.2999999523162842,1.2999999523162842,7800
2025-07-17,3.049999952316284,3.0999999046325684,1.9600000381469729,1.9600000381469729,112800
2025-07-18,3.150000095367432,3.400000095367432,2.8499999046325684,3.109999895095825,20000
2025-07-21,3.25,3.299999952316284,2.109999895095825,2.109999895095825,20400
2025-07-22,3.5,5.03000020980835,2.6700000762939453,3.240000009536743,992500
2025-07-23,5.949999809265137,9.529999732971191,4.909999847412109,8.470000267028809,25704500
2025-07-24,4.75,4.929999828338623,4.320000171661377,4.449999809265137,457300
2025-07-25,4.019999980926514,4.389999866485596,3.849999904632568,4.369999885559082,302600
2025-07-28,3.690000057220459,3.869999885559082,3.615000009536743,3.819999933242798,102500
2025-07-29,3.259999990463257,3.7100000381469727,3.259999990463257,3.7100000381469727,63200
2025-07-30,2.970000028610229,3.299999952316284,2.930000066757202,3.2699999809265137,88600
2025-07-31,5.139999866485596,7.880000114440918,3.539999961853028,3.7899999618530273,33556800
2025-08-01,4.309999942779541,4.900000095367432,4.019999980926514,4.159999847412109,530000
2025-08-04,3.5299999713897705,4.084000110626221,3.3299999237060547,3.9700000286102295,172400
2025-08-05,3.470000028610229,3.819999933242798,3.470000028610229,3.559999942779541,133600
2025-08-06,2.859999895095825,3.609999895095825,2.7980000972747803,3.509999990463257,224000
2025-08-07,2.819999933242798,2.9579999446868896,2.7699999809265137,2.890000104904175,61600
2025-08-08,4.900000095367432,5.510000228881836,2.7799999713897705,2.7799999713897705,75254400
2025-08-11,4.800000190734863,5.050000190734863,3.910000085830689,4.079999923706055,1168900
2025-08-12,4.670000076293945,5.809999942779541,4.239999771118164,4.75,1012300
2025-08-13,4.449999809265137,4.513000011444092,4.170000076293945,4.429999828338623,284400
2025-08-14,5.059999942779541,5.300000190734863,4.35099983215332,4.420000076293945,340000
2025-08-15,4.619999885559082,5.0,4.329999923706055,4.869999885559082,113200
2025-08-18,5.070000171661377,5.179999828338623,4.610000133514404,4.769999980926514,225000
2025-08-19,5.090000152587891,5.599999904632568,4.758999824523926,4.889999866485596,270700
2025-08-20,5.110000133514404,5.3420000076293945,4.78000020980835,5.21999979019165,124900
2025-08-21,4.420000076293945,5.010000228881836,4.320000171661377,5.010000228881836,123300
2025-08-22,4.28000020980835,4.420000076293945,4.019999980926514,4.349999904632568,96100
2025-08-25,3.799999952316284,4.228000164031982,3.799999952316284,4.110000133514404,121400
2025-08-26,3.470000028610229,3.946000099182129,3.4200000762939453,3.900000095367432,95400
2025-08-27,3.5799999237060547,3.839999914169312,3.5799999237060547,3.799999952316284,68400
2025-08-28,4.099999904632568,4.210000038146973,3.5999999046325684,3.7300000190734863,92300
2025-08-29,4.019999980926514,4.210000038146973,3.8450000286102295,4.210000038146973,49800
2025-09-02,3.740000009536743,4.730000019073486,3.319999933242798,4.71999979019165,645800
2025-09-03,3.809999942779541,3.900000095367432,3.7200000286102295,3.849999904632568,97400
2025-09-04,4.139999866485596,4.150000095367432,3.700999975204468,3.7200000286102295,95200
2025-09-05,6.539999961853027,9.130000114440918,5.070000171661377,5.21999979019165,63097100
2025-09-08,7.090000152587891,7.539999961853027,5.590000152587891,6.5,1869500
2025-09-09,5.239999771118164,6.869999885559082,5.239999771118164,6.869999885559082,448900
2025-09-10,5.789999961853027,6.730000019073486,5.25,5.360000133514404,314100
2025-09-11,6.329999923706055,6.389999866485596,5.769999980926514,5.769999980926514,202300
2025-09-12,6.099999904632568,6.619999885559082,6.010000228881836,6.260000228881836,115400
2025-09-15,5.570000171661377,6.050000190734863,5.510000228881836,6.050000190734863,91400
2025-09-16,6.070000171661377,6.197000026702881,5.559999942779541,5.570000171661377,107700
2025-09-17,6.070000171661377,6.389999866485596,6.010000228881836,6.230000019073486,129200
2025-09-18,6.519999980926514,6.650000095367432,6.150000095367432,6.369999885559082,244400
2025-09-19,6.190000057220459,7.026000022888184,6.090000152587891,7.0,253900
2025-09-22,6.590000152587891,6.75,6.150000095367432,6.150000095367432,129900
2025-09-23,6.25,6.769999980926514,6.050000190734863,6.769999980926514,86900
2025-09-24,6.150000095367432,6.389999866485596,5.800000190734863,6.130000114440918,93300
2025-09-25,5.829999923706055,6.099999904632568,5.75,5.949999809265137,87300
2025-09-26,5.670000076293945,6.138000011444092,5.329999923706055,5.789999961853027,90800
2025-09-29,5.820000171661377,6.010000228881836,5.670000076293945,5.670000076293945,43900
2025-09-30,5.630000114440918,5.869999885559082,5.46999979019165,5.46999979019165,48000
2025-10-01,5.880000114440918,5.909999847412109,5.71999979019165,5.800000190734863,42700
2025-10-02,5.710000038146973,5.880000114440918,5.550000190734863,5.670000076293945,64500
2025-10-03,5.449999809265137,5.728000164031982,5.130000114440918,5.599999904632568,122500
2025-10-06,5.210000038146973,5.480000019073486,5.199999809265137,5.480000019073486,62600
2025-10-07,5.699999809265137,6.22599983215332,5.139999866485596,5.309999942779541,301400
2025-10-08,6.03000020980835,6.099999904632568,5.429999828338623,5.699999809265137,65500
2025-10-09,5.849999904632568,6.150000095367432,5.730000019073486,6.099999904632568,49100
2025-10-10,5.690000057220459,5.97599983215332,5.599999904632568,5.96999979019165,63900
2025-10-13,5.619999885559082,5.900000095367432,5.421000003814697,5.900000095367432,40700
2025-10-14,5.429999828338623,5.633999824523926,5.309999942779541,5.610000133514404,40500
2025-10-15,5.25,5.6479997634887695,5.25,5.460000038146973,8500
2025-10-16,4.989999771118164,5.309999942779541,4.610000133514404,5.309999942779541,38400
2025-10-17,4.760000228881836,4.889999866485596,4.369999885559082,4.670000076293945,33700
2025-10-20,4.690000057220459,4.78000020980835,4.5,4.78000020980835,33100
2025-10-21,4.75,4.789999961853027,4.579999923706055,4.690000057220459,14600
2025-10-22,4.420000076293945,4.800000190734863,4.400000095367432,4.800000190734863,14200
2025-10-23,4.840000152587891,4.900000095367432,4.400000095367432,4.539999961853027,56800
2025-10-24,4.679999828338623,4.789999961853027,4.552000045776367,4.610000133514404,9900
2025-10-27,4.5,4.989999771118164,4.409999847412109,4.829999923706055,37800
2025-10-28,4.480000019073486,4.599999904632568,4.3460001945495605,4.53000020980835,58600
2025-10-29,4.5,4.605000019073486,4.293000221252441,4.449999809265137,23900
2025-10-30,4.25,4.360000133514404,3.75,4.360000133514404,38900
2025-10-31,3.869999885559082,4.320000171661377,3.869999885559082,4.019999980926514,17400
2025-11-03,3.7899999618530273,4.010000228881836,3.5999999046325684,3.940000057220459,13700
2025-11-04,3.5,3.910000085830689,3.5,3.700000047683716,19400
2025-11-05,3.4600000381469727,3.700000047683716,3.0969998836517334,3.470000028610229,51600
2025-11-06,3.3399999141693115,3.509999990463257,3.2709999084472656,3.4200000762939453,10800
2025-11-07,3.299999952316284,3.369999885559082,3.0999999046325684,3.369999885559082,28000
2025-11-10,3.25,3.380000114440918,3.200000047683716,3.352999925613404,8800
2025-11-11,3.2699999809265137,3.309999942779541,3.119999885559082,3.140000104904175,12200
2025-11-12,3.2100000381469727,3.367000102996826,3.069999933242798,3.190000057220459,9100
2025-11-13,3.240000009536743,3.289999961853028,3.0929999351501465,3.2100000381469727,5700
2025-11-14,3.2300000190734863,3.240000009536743,3.130000114440918,3.1600000858306885,2900
2025-11-17,2.869999885559082,3.239000082015991,2.869999885559082,3.119999885559082,15700
2025-11-18,2.869999885559082,3.0,2.789999961853028,3.0,12000
2025-11-19,2.7799999713897705,3.0199999809265137,2.7799999713897705,2.7799999713897705,7400
2025-11-20,2.609999895095825,2.930000066757202,2.470000028610229,2.930000066757202,12300
2025-11-21,2.680000066757202,2.720000028610229,2.45199990272522,2.569000005722046,7000
2025-11-24,2.690000057220459,2.75,2.539999961853028,2.539999961853028,11100
2025-11-25,2.8299999237060547,2.900000095367432,2.6700000762939453,2.690000057220459,7900
2025-11-26,2.880000114440918,3.150000095367432,2.8399999141693115,3.150000095367432,6600
2025-11-28,3.440000057220459,3.440000057220459,3.0199999809265137,3.3299999237060547,26500
2025-12-01,3.1700000762939453,3.450000047683716,3.078000068664551,3.450000047683716,8800
2025-12-02,3.299999952316284,3.4200000762939453,3.0,3.1700000762939453,14200
2025-12-03,3.220000028610229,3.450000047683716,3.220000028610229,3.299999952316284,12200
2025-12-04,3.690000057220459,3.838000059127808,3.220000028610229,3.2249999046325684,17800
2025-12-05,3.2699999809265137,3.7799999713897705,3.2699999809265137,3.7799999713897705,32100
2025-12-08,3.369999885559082,3.4600000381469727,3.119999885559082,3.119999885559082,5500
2025-12-09,3.484999895095825,3.5999999046325684,3.0999999046325684,3.0999999046325684,58900
2025-12-10,3.670000076293945,4.769999980926514,3.5999999046325684,3.990000009536743,2977700
2025-12-11,2.740000009536743,3.0,2.569999933242798,2.7699999809265137,248000
2025-12-12,2.75,3.130000114440918,2.75,2.990000009536743,134100
2025-12-15,2.5899999141693115,2.819999933242798,2.299999952316284,2.7799999713897705,55400
2025-12-16,2.650000095367432,2.7699999809265137,2.4210000038146973,2.509999990463257,71500
2025-12-17,2.369999885559082,2.6700000762939453,2.369999885559082,2.5799999237060547,49900
2025-12-18,2.4600000381469727,2.4600000381469727,2.3499999046325684,2.3499999046325684,22300
2025-12-19,2.4600000381469727,2.4800000190734863,2.369999885559082,2.4800000190734863,18000
2025-12-22,2.369999885559082,2.556999921798706,2.3499999046325684,2.390000104904175,26200
2025-12-23,2.109999895095825,2.440000057220459,2.0999999046325684,2.440000057220459,26000
2025-12-24,2.0799999237060547,2.200000047683716,2.039999961853028,2.0999999046325684,20600
2025-12-26,1.9299999475479128,2.130000114440918,1.919999957084656,2.049999952316284,37600
2025-12-29,1.6970000267028809,1.940000057220459,1.649999976158142,1.8799999952316284,60700
2025-12-30,1.600000023841858,1.6699999570846558,1.562000036239624,1.6699999570846558,42900
2025-12-31,1.409999966621399,1.5700000524520874,1.350000023841858,1.559999942779541,51700
2026-01-02,1.2300000190734863,2.240000009536743,1.149999976158142,1.3899999856948853,6449800
2026-01-05,1.340000033378601,1.440000057220459,1.159999966621399,1.399999976158142,3106000
2026-01-06,1.3799999952316284,1.399999976158142,1.2599999904632568,1.3700000047683716,447000
2026-01-07,1.4299999475479126,1.6100000143051147,1.350000023841858,1.3700000047683716,164000
2026-01-08,2.240000009536743,2.890000104904175,1.6699999570846558,1.870000004768372,17844300
2026-01-09,1.6299999952316284,2.039999961853028,1.4700000286102295,2.0199999809265137,1401400
2026-01-12,1.4199999570846558,1.590000033378601,1.350000023841858,1.5399999618530271,391300
2026-01-13,1.309999942779541,1.399999976158142,1.2599999904632568,1.2599999904632568,263000
2026-01-14,1.2400000095367432,1.3300000429153442,1.1799999475479126,1.2799999713897705,264100
2026-01-15,1.2200000286102295,1.3200000524520874,1.1749999523162842,1.2699999809265137,236600
2026-01-16,1.059999942779541,1.2100000381469729,1.0230000019073486,1.2000000476837158,348900
2026-01-20,0.9700000286102296,1.100000023841858,0.9279999732971193,1.100000023841858,2956600
2026-01-21,1.409999966621399,2.009999990463257,1.3300000429153442,1.659999966621399,51858500
2026-01-22,1.4199999570846558,1.4299999475479126,1.25,1.25,2366000
2026-01-23,1.1799999475479126,1.440000057220459,1.1799999475479126,1.440000057220459,836000
2026-01-26,1.100000023841858,1.2400000095367432,1.100000023841858,1.2200000286102295,712700
2026-01-27,1.0,1.1299999952316284,0.9800000190734864,1.100000023841858,624800
2026-01-28,0.9559999704360962,1.0499999523162842,0.9350000023841858,1.0499999523162842,437500
2026-01-29,0.8669999837875366,0.9559999704360962,0.8040000200271606,0.9559999704360962,744200
2026-01-30,0.8169999718666077,1.0190000534057615,0.7829999923706055,0.9739999771118164,1443100
2026-02-02,0.7390000224113464,0.8009999990463257,0.7360000014305115,0.8009999990463257,382200
2026-02-03,0.6869999766349792,0.7459999918937683,0.6700000166893005,0.703000009059906,394300
2026-02-04,0.7269999980926514,0.7480000257492065,0.6869999766349792,0.6869999766349792,498900
2026-02-05,0.6769999861717224,0.7360000014305115,0.6740000247955322,0.7360000014305115,227700
2026-02-06,0.7129999995231628,0.7160000205039978,0.6549999713897705,0.6710000038146973,139800
2026-02-09,0.699999988079071,0.7129999995231628,0.671999990940094,0.7110000252723694,103900
2026-02-10,0.6819999814033508,0.7139999866485596,0.6700000166893005,0.7139999866485596,168200
2026-02-11,0.7049999833106995,0.7350000143051147,0.6800000071525574,0.699999988079071,294000
2026-02-12,0.6570000052452087,0.7120000123977661,0.652999997138977,0.7039999961853027,167100
2026-02-13,0.6679999828338623,0.6890000104904175,0.6610000133514404,0.6890000104904175,77800
2026-02-17,0.6549999713897705,0.6830000281333923,0.6200000047683716,0.6470000147819519,159500
2026-02-18,0.6980000138282776,0.7179999947547913,0.6399999856948853,0.6579999923706055,63000
2026-02-19,0.7440000176429749,0.7799999713897705,0.6980000138282776,0.7799999713897705,443400
2026-02-20,0.7120000123977661,0.7369999885559082,0.7009999752044678,0.7369999885559082,64700
2026-02-23,0.699999988079071,0.7260000109672546,0.6700000166893005,0.7110000252723694,51400
2026-02-24,0.6800000071525574,0.699999988079071,0.6700000166893005,0.6970000267028809,50000
2026-02-25,0.7289999723434448,0.7289999723434448,0.6819999814033508,0.7099999785423279,54000
2026-02-26,0.6959999799728394,0.7279999852180481,0.6909999847412109,0.7200000286102295,138700
2026-02-27,0.6959999799728394,0.7279999852180481,0.6959999799728394,0.7110000252723694,111200
2026-03-02,0.6809999942779541,0.6959999799728394,0.6700000166893005,0.6959999799728394,51600
2026-03-03,0.6620000004768372,0.6790000200271606,0.6499999761581421,0.6759999990463257,79500
2026-03-04,0.6830000281333923,0.7139999866485596,0.6579999923706055,0.6600000262260437,104400
2026-03-05,0.7009999752044678,0.7049999833106995,0.6779999732971191,0.6930000185966492,50200
2026-03-06,0.6800000071525574,0.699999988079071,0.6650000214576721,0.6880000233650208,32000
2026-03-09,0.6499999761581421,0.699999988079071,0.6359999775886536,0.6899999976158142,113800
2026-03-10,0.6460000276565552,0.699999988079071,0.6110000014305115,0.6370000243186951,2470600
2026-03-11,0.6679999828338623,0.6899999976158142,0.6430000066757202,0.6430000066757202,82200
2026-03-12,0.6299999952316284,0.6710000038146973,0.6150000095367432,0.6539999842643738,3548600
2026-03-13,0.6899999976158142,0.7609999775886536,0.6399999856948853,0.6570000052452087,717500
2026-03-16,0.6880000233650208,0.6880000233650208,0.6589999794960022,0.675000011920929,88300
2026-03-17,0.6600000262260437,0.6759999990463257,0.6399999856948853,0.6650000214576721,49400
2026-03-18,0.6800000071525574,0.6809999942779541,0.6520000100135803,0.6679999828338623,213900
2026-03-19,0.6899999976158142,0.6899999976158142,0.6499999761581421,0.6600000262260437,80300
2026-03-20,0.6800000071525574,0.699999988079071,0.6690000295639038,0.6690000295639038,17100
2026-03-23,0.6880000233650208,0.7300000190734863,0.6880000233650208,0.6930000185966492,212100
2026-03-24,0.7210000157356262,0.7210000157356262,0.6850000023841858,0.7129999995231628,56900
2026-03-25,0.6639999747276306,0.7049999833106995,0.6639999747276306,0.6909999847412109,49800
2026-03-26,0.6669999957084656,0.7139999866485596,0.6650000214576721,0.6800000071525574,15100
2026-03-27,0.6769999861717224,0.6899999976158142,0.6600000262260437,0.6600000262260437,50100
2026-03-30,0.6740000247955322,0.6899999976158142,0.6520000100135803,0.6700000166893005,56800
2026-03-31,0.6399999856948853,0.6499999761581421,0.5400000214576721,0.6499999761581421,287800
2026-04-01,0.640999972820282,0.6940000057220459,0.6200000047683716,0.6499999761581421,84200
2026-04-02,0.6499999761581421,0.6600000262260437,0.6200000047683716,0.6240000128746033,44000
2026-04-06,0.6449999809265137,0.6539999842643738,0.6119999885559082,0.621999979019165,85600
2026-04-07,0.6600000262260437,0.6669999957084656,0.6169999837875366,0.6660000085830688,83600
2026-04-08,0.6209999918937683,0.6899999976158142,0.6209999918937683,0.6600000262260437,279900
2026-04-09,0.5839999914169312,0.6499999761581421,0.5799999833106995,0.625,122300
2026-04-10,0.609000027179718,0.6179999709129333,0.5720000267028809,0.5720000267028809,49500
2026-04-13,0.6330000162124634,0.6600000262260437,0.5979999899864197,0.5979999899864197,202300
2026-04-14,0.6579999923706055,0.6650000214576721,0.6010000109672546,0.6200000047683716,106400
2026-04-15,0.621999979019165,0.6520000100135803,0.621999979019165,0.6460000276565552,30700
2026-04-16,0.5889999866485596,0.6499999761581421,0.5799999833106995,0.6309999823570251,217700
2026-04-17,0.5920000076293945,0.621999979019165,0.5899999737739563,0.621999979019165,146700
2026-04-20,0.6079999804496765,0.6179999709129333,0.5839999914169312,0.5920000076293945,46300
2026-04-21,0.5899999737739563,0.6150000095367432,0.5899999737739563,0.6000000238418579,36800
2026-04-22,0.6000000238418579,0.6200000047683716,0.5839999914169312,0.5839999914169312,13327300
2026-04-23,0.8700000047683716,1.149999976158142,0.718999981880188,0.915000021457672,155832500
2026-04-24,0.9200000166893004,1.0299999713897705,0.8529999852180481,0.9089999794960022,5946800
2026-04-27,1.3799999952316284,1.5299999713897705,0.930999994277954,0.949999988079071,22199200
2026-04-28,1.350000023841858,1.409999966621399,1.25,1.3200000524520874,2060300
2026-04-29,1.7300000190734863,2.059999942779541,1.2999999523162842,1.399999976158142,11563400
2026-04-30,1.7999999523162842,2.039999961853028,1.4500000476837158,1.7999999523162842,2730900
2026-05-01,1.4700000286102295,1.7899999618530271,1.4299999475479126,1.7899999618530271,1086200
2026-05-04,1.1399999856948853,1.4570000171661377,1.1100000143051147,1.4500000476837158,1522500
2026-05-05,1.0800000429153442,1.2999999523162842,1.0579999685287476,1.1799999475479126,1218500
2026-05-06,1.2100000381469729,1.2649999856948853,1.0700000524520874,1.0800000429153442,668100
2026-05-07,1.1200000047683716,1.3300000429153442,1.1200000047683716,1.2400000095367432,544900
2026-05-08,1.1299999952316284,1.1790000200271606,1.0499999523162842,1.159999966621399,334000
2026-05-11,1.0800000429153442,1.1399999856948853,1.0800000429153442,1.1399999856948853,359600
2026-05-12,1.149999976158142,1.2100000381469729,1.100000023841858,1.100000023841858,271500
2026-05-13,1.3200000524520874,1.350000023841858,1.2100000381469729,1.2699999809265137,906400
2026-05-14,1.2400000095367432,1.3899999856948853,1.2300000190734863,1.350000023841858,386100
2026-05-15,1.25,1.2899999618530271,1.1799999475479126,1.2400000095367432,198000
2026-05-18,1.090000033378601,1.2400000095367432,1.0700000524520874,1.2400000095367432,197900
2026-05-19,1.034999966621399,1.149999976158142,1.0,1.1299999952316284,201200
2026-05-20,1.0800000429153442,1.1200000047683716,1.0199999809265137,1.0299999713897705,97500
2026-05-21,1.100000023841858,1.1200000047683716,1.0390000343322754,1.0499999523162842,149700
2026-05-22,1.0399999618530271,1.090000033378601,1.0299999713897705,1.0700000524520874,147300
2026-05-26,1.059999942779541,1.149999976158142,1.0499999523162842,1.090000033378601,208500
2026-05-27,1.0299999713897705,1.0800000429153442,1.0099999904632568,1.0499999523162842,144600
2026-05-28,1.0700000524520874,1.090000033378601,0.9240000247955322,1.0199999809265137,121100
2026-05-29,1.0700000524520874,1.1100000143051147,1.059999942779541,1.1100000143051147,117400
2026-06-01,1.0700000524520874,1.149999976158142,1.0499999523162842,1.090000033378601,222400
2026-06-02,1.0700000524520874,1.1200000047683716,1.0499999523162842,1.0800000429153442,64400
2026-06-03,1.0299999713897705,1.0920000076293943,1.0199999809265137,1.0850000381469729,77700
2026-06-04,1.0299999713897705,1.0700000524520874,1.0099999904632568,1.0199999809265137,64200
2026-06-05,0.9399999976158142,1.0399999618530271,0.9319999814033508,1.0,111100
2026-06-08,1.0399999618530271,1.2000000476837158,0.959999978542328,0.959999978542328,366800
2026-06-09,1.0099999904632568,1.100000023841858,0.984000027179718,1.0700000524520874,102300
2026-06-10,1.0199999809265137,1.0549999475479126,0.9729999899864196,0.9729999899864196,81600
2026-06-11,1.0269999504089355,1.0700000524520874,0.9890000224113464,0.9890000224113464,41100
2026-06-12,1.0,1.0399999618530271,0.9800000190734864,1.0399999618530271,57000
2026-06-15,1.0299999713897705,1.059999942779541,0.9950000047683716,0.9950000047683716,93600
2026-06-16,1.0299999713897705,1.1200000047683716,1.0299999713897705,1.0499999523162842,136100
2026-06-17,1.0700000524520874,1.090000033378601,1.0199999809265137,1.0199999809265137,68600
2026-06-18,1.0,1.0800000429153442,1.0,1.0399999618530271,76700
2026-06-22,0.9900000095367432,1.0299999713897705,0.9800000190734864,1.0199999809265137,70400
2026-06-23,0.949999988079071,1.0,0.9459999799728394,1.0,52300
2026-06-24,0.8930000066757202,0.9900000095367432,0.8740000128746033,0.9900000095367432,48700
2026-06-25,0.8169999718666077,0.9049999713897704,0.800000011920929,0.859000027179718,101700
2026-06-26,0.8899999856948853,0.9100000262260436,0.8019999861717224,0.8019999861717224,55900
2026-06-29,1.0199999809265137,1.0299999713897705,0.8870000243186951,0.9200000166893004,85300
2026-06-30,1.0099999904632568,1.024999976158142,0.9900000095367432,0.9900000095367432,51100
2026-07-01,1.0199999809265137,1.059999942779541,0.9900000095367432,1.0049999952316284,31700
2026-07-02,0.9900000095367432,1.0299999713897705,0.959999978542328,1.0099999904632568,21000
2026-07-06,1.0,1.0,0.9290000200271606,0.9290000200271606,21700
2026-07-07,0.9570000171661376,0.9950000047683716,0.925000011920929,0.9269999861717224,84800
2026-07-08,0.925000011920929,0.949999988079071,0.8700000047683716,0.9190000295639038,31900
2026-07-09,0.949999988079071,1.0199999809265137,0.925000011920929,0.925000011920929,110000
2026-07-10,0.9480000138282776,0.959999978542328,0.915000021457672,0.959999978542328,23800
2026-07-13,0.9649999737739564,0.975000023841858,0.8999999761581421,0.8999999761581421,28200
2026-07-14,0.9409999847412108,0.949999988079071,0.9300000071525574,0.9449999928474426,32200
2026-07-15,0.959999978542328,0.9700000286102296,0.9399999976158142,0.949999988079071,22800
2026-07-16,0.9419999718666076,0.9580000042915344,0.9120000004768372,0.9419999718666076,28800
2026-07-17,0.9100000262260436,0.9399999976158142,0.9100000262260436,0.9120000004768372,11800
2026-07-20,0.878000020980835,0.9049999713897704,0.8659999966621399,0.8840000033378601,7769100
2026-07-21,0.7599999904632568,0.9589999914169312,0.6200000047683716,0.9589999914169312,5847400
2026-07-22,1.0,1.0399999618530271,0.7599999904632568,0.7599999904632568,1219400
2026-07-23,1.0700000524520874,1.149999976158142,0.959999978542328,0.959999978542328,403300
2026-07-24,1.149999976158142,1.2000000476837158,1.059999942779541,1.090000033378601,286600
2026-07-27,1.1399999856948853,1.149999976158142,1.0199999809265137,1.1200000047683716,146700
2026-07-28,1.159999966621399,1.1799999475479126,1.0800000429153442,1.1299999952316284,137600
2026-07-29,1.2200000286102295,1.2599999904632568,1.159999966621399,1.159999966621399,150700
2026-07-30,1.25,1.277999997138977,1.190000057220459,1.2200000286102295,94500
2026-07-31,1.1399999856948853,1.2300000190734863,1.065000057220459,1.2300000190734863,70300
2026-08-03,1.2300000190734863,1.2799999713897705,1.1299999952316284,1.1299999952316284,140000
2026-08-04,1.2400000095367432,1.25,1.149999976158142,1.2400000095367432,69500
2026-08-05,1.2000000476837158,1.2100000381469729,1.159999966621399,1.1699999570846558,35100
2026-08-06,1.159999966621399,1.1799999475479126,1.1239999532699585,1.149999976158142,14600
2026-08-07,1.100000023841858,1.159000039100647,0.9860000014305116,1.1399999856948853,78700
2026-08-10,1.1100000143051147,1.2000000476837158,1.059999942779541,1.059999942779541,68800
2026-08-11,1.0499999523162842,1.1230000257492063,1.0499999523162842,1.1100000143051147,25500
2026-08-12,1.0199999809265137,1.0750000476837158,1.0,1.069000005722046,105200
2026-08-13,1.0700000524520874,1.1260000467300415,1.0,1.0,62500
2026-08-14,1.0499999523162842,1.100000023841858,1.0299999713897705,1.059999942779541,22600
2026-08-17,1.0399999618530271,1.0800000429153442,1.034000039100647,1.0700000524520874,8500
2026-08-18,1.0099999904632568,1.0399999618530271,1.0099999904632568,1.0399999618530271,5200
2026-08-19,1.0,1.059999942779541,1.0,1.0399999618530271,71100
2026-08-20,1.0700000524520874,1.1990000009536743,1.024999976158142,1.0299999713897705,185500
2026-08-21,1.149999976158142,1.2000000476837158,1.0299999713897705,1.0299999713897705,91000
2026-08-24,1.149999976158142,1.2000000476837158,1.1100000143051147,1.1299999952316284,35600
2026-08-25,1.1200000047683716,1.190000057220459,1.1200000047683716,1.1799999475479126,29900
2026-08-26,1.0800000429153442,1.1469999551773071,1.0700000524520874,1.1299999952316284,39800
2026-08-27,1.0499999523162842,1.1299999952316284,1.0499999523162842,1.1299999952316284,59500
2026-08-28,1.0,1.1399999856948853,0.9800000190734864,1.0399999618530271,51200
2026-08-31,1.0,1.059999942779541,0.9700000286102296,1.0180000066757202,56900
2026-09-01,0.9869999885559082,1.0199999809265137,0.9520000219345092,1.0199999809265137,20000
2026-09-02,0.9539999961853028,0.9670000076293944,0.9300000071525574,0.9670000076293944,21500
2026-09-03,0.975000023841858,0.9929999709129332,0.9300000071525574,0.9800000190734864,35100
2026-09-04,0.9549999833106996,0.975000023841858,0.925000011920929,0.975000023841858,91400
2026-09-08,0.9610000252723694,1.0499999523162842,0.949999988079071,1.0499999523162842,131100
2026-09-09,0.9549999833106996,1.0,0.9350000023841858,1.0,71000
2026-09-10,0.949999988079071,0.959999978542328,0.9300000071525574,0.9549999833106996,14100
2026-09-11,0.9459999799728394,0.9900000095367432,0.9399999976158142,0.9449999928474426,8100
2026-09-14,0.949999988079071,1.0399999618530271,0.9200000166893004,0.972000002861023,92100
2026-09-15,0.9070000052452089,0.9549999833106996,0.8899999856948853,0.921999990940094,43100
2026-09-16,0.8949999809265137,0.9210000038146972,0.8949999809265137,0.8999999761581421,31500
2026-09-17,0.9279999732971193,0.9300000071525574,0.9100000262260436,0.9120000004768372,13900
2026-09-18,0.871999979019165,0.9300000071525574,0.8610000014305115,0.9300000071525574,118100
2026-09-21,0.8840000033378601,0.9200000166893004,0.8600000143051147,0.8889999985694885,88700
2026-09-22,0.959999978542328,1.0399999618530271,0.8840000033378601,0.906000018119812,185800
2026-09-23,0.9179999828338624,0.9800000190734864,0.9179999828338624,0.959999978542328,72400
2026-09-24,1.0099999904632568,1.0399999618530271,0.9100000262260436,0.9900000095367432,68000
2026-09-25,1.0,1.0989999771118164,0.9800000190734864,1.0199999809265137,355000
2026-09-28,0.9700000286102296,1.059999942779541,0.9700000286102296,1.0,147400
2026-09-29,0.9900000095367432,1.0499999523162842,0.959999978542328,1.0,242700
2026-09-30,0.9649999737739564,0.996999979019165,0.9449999928474426,0.9959999918937684,109900
2026-10-01,0.9390000104904176,0.975000023841858,0.9300000071525574,0.9300000071525574,123700
2026-10-02,0.9330000281333924,0.975000023841858,0.9240000247955322,0.9430000185966492,245800
2026-10-05,0.875,0.9509999752044678,0.8600000143051147,0.9319999814033508,289100
2026-10-06,0.9169999957084656,0.9369999766349792,0.8299999833106995,0.8690000176429749,162600
2026-10-07,0.8809999823570251,0.925000011920929,0.8510000109672546,0.9120000004768372,73300
2026-10-08,0.8220000267028809,0.878000020980835,0.8100000023841858,0.8529999852180481,113900
2026-10-09,0.8450000286102295,0.8500000238418579,0.8220000267028809,0.8220000267028809,38400
