,Close,High,Low,Open,Volume
2022-01-13,9.869999885559082,9.949999809265137,9.869999885559082,9.899999618530272,155100
2022-01-14,9.869999885559082,9.869999885559082,9.869999885559082,9.869999885559082,0
2022-01-18,9.899999618530272,9.949999809265137,9.899999618530272,9.949999809265137,200
2022-01-19,9.869999885559082,9.899999618530272,9.869999885559082,9.899999618530272,528700
2022-01-20,9.859999656677246,9.899999618530272,9.859999656677246,9.899999618530272,500000
2022-01-21,9.890000343322754,9.899999618530272,9.890000343322754,9.890000343322754,502300
2022-01-24,9.880000114440918,9.890000343322754,9.880000114440918,9.890000343322754,50400
2022-01-25,9.880000114440918,9.93299961090088,9.880000114440918,9.93299961090088,1800
2022-01-26,9.869999885559082,9.869999885559082,9.869999885559082,9.869999885559082,1400
2022-01-27,9.869999885559082,9.869999885559082,9.850000381469728,9.850000381469728,84100
2022-01-28,9.869999885559082,9.869999885559082,9.869999885559082,9.869999885559082,0
2022-01-31,9.869999885559082,9.869999885559082,9.869999885559082,9.869999885559082,0
2022-02-01,9.949999809265137,9.949999809265137,9.93000030517578,9.93000030517578,4500
2022-02-02,9.949999809265137,9.949999809265137,9.949999809265137,9.949999809265137,3700
2022-02-03,9.949999809265137,9.949999809265137,9.949999809265137,9.949999809265137,0
2022-02-04,9.949999809265137,9.949999809265137,9.949999809265137,9.949999809265137,0
2022-02-07,9.949999809265137,9.949999809265137,9.949999809265137,9.949999809265137,0
2022-02-08,9.949999809265137,9.949999809265137,9.949999809265137,9.949999809265137,0
2022-02-09,9.949999809265137,9.949999809265137,9.949999809265137,9.949999809265137,0
2022-02-10,9.949999809265137,9.949999809265137,9.949999809265137,9.949999809265137,0
2022-02-11,9.949999809265137,9.949999809265137,9.949999809265137,9.949999809265137,0
2022-02-14,9.949999809265137,9.949999809265137,9.949999809265137,9.949999809265137,0
2022-02-15,9.949999809265137,9.949999809265137,9.949999809265137,9.949999809265137,492000
2022-02-16,9.920000076293944,9.920000076293944,9.920000076293944,9.920000076293944,100000
2022-02-17,9.920000076293944,9.920000076293944,9.920000076293944,9.920000076293944,0
2022-02-18,9.920000076293944,9.920000076293944,9.920000076293944,9.920000076293944,0
2022-02-22,9.899999618530272,9.899999618530272,9.869999885559082,9.890000343322754,127900
2022-02-23,9.890000343322754,9.899999618530272,9.890000343322754,9.899999618530272,73100
2022-02-24,9.90999984741211,9.90999984741211,9.897000312805176,9.899999618530272,68900
2022-02-25,9.90999984741211,9.90999984741211,9.90999984741211,9.90999984741211,0
2022-02-28,9.9399995803833,9.9399995803833,9.920000076293944,9.920000076293944,4100
2022-03-01,9.90999984741211,9.90999984741211,9.899999618530272,9.899999618530272,4600
2022-03-02,9.90999984741211,9.90999984741211,9.90999984741211,9.90999984741211,0
2022-03-03,9.920000076293944,9.9399995803833,9.90999984741211,9.90999984741211,7600
2022-03-04,9.920000076293944,9.920000076293944,9.920000076293944,9.920000076293944,0
2022-03-07,9.920000076293944,9.9399995803833,9.920000076293944,9.93000030517578,100300
2022-03-08,9.920000076293944,9.9399995803833,9.899999618530272,9.9399995803833,1000
2022-03-09,9.920000076293944,9.920000076293944,9.90999984741211,9.920000076293944,900
2022-03-10,9.93000030517578,9.93000030517578,9.93000030517578,9.93000030517578,101100
2022-03-11,9.90999984741211,9.920000076293944,9.90999984741211,9.90999984741211,2200
2022-03-14,9.90999984741211,9.90999984741211,9.90999984741211,9.90999984741211,0
2022-03-15,9.90999984741211,9.90999984741211,9.90999984741211,9.90999984741211,0
2022-03-16,9.90999984741211,9.90999984741211,9.90999984741211,9.90999984741211,0
2022-03-17,9.90999984741211,9.90999984741211,9.90999984741211,9.90999984741211,0
2022-03-18,9.90999984741211,9.989999771118164,9.90999984741211,9.989999771118164,1000
2022-03-21,9.9350004196167,10.149999618530272,9.899999618530272,9.949999809265137,16900
2022-03-22,10.0,10.170000076293944,9.920000076293944,9.920000076293944,15400
2022-03-23,9.93000030517578,10.109999656677246,9.920000076293944,9.920000076293944,5200
2022-03-24,9.949999809265137,9.989999771118164,9.899999618530272,9.899999618530272,73500
2022-03-25,10.020000457763672,10.020000457763672,9.920000076293944,9.960000038146973,8200
2022-03-28,10.0,10.010000228881836,9.979999542236328,10.010000228881836,10300
2022-03-29,9.9399995803833,10.0,9.9399995803833,10.0,900
2022-03-30,9.989999771118164,9.989999771118164,9.93000030517578,9.93000030517578,4700
2022-03-31,9.989999771118164,10.0,9.93000030517578,9.989999771118164,184600
2022-04-01,9.979999542236328,9.979999542236328,9.93000030517578,9.93000030517578,12200
2022-04-04,10.0,10.0,9.9399995803833,9.9399995803833,1100
2022-04-05,10.0,10.0,9.9399995803833,9.9399995803833,3100
2022-04-06,10.0,10.0,9.989999771118164,9.989999771118164,800
2022-04-07,10.0,10.0,9.949999809265137,10.0,3500
2022-04-08,9.960000038146973,10.010000228881836,9.93000030517578,9.960000038146973,8600
2022-04-11,9.970000267028809,10.0,9.93000030517578,9.93000030517578,51700
2022-04-12,9.989999771118164,10.010000228881836,9.949999809265137,9.949999809265137,20600
2022-04-13,10.010000228881836,10.010000228881836,9.960000038146973,9.960000038146973,12200
2022-04-14,10.010000228881836,10.010000228881836,9.970000267028809,10.010000228881836,1200
2022-04-18,10.010000228881836,10.010000228881836,10.010000228881836,10.010000228881836,0
2022-04-19,9.984999656677246,10.020000457763672,9.979999542236328,10.010000228881836,2900
2022-04-20,9.984999656677246,9.984999656677246,9.984999656677246,9.984999656677246,0
2022-04-21,9.984999656677246,9.984999656677246,9.984999656677246,9.984999656677246,0
2022-04-22,9.984999656677246,9.984999656677246,9.984999656677246,9.984999656677246,0
2022-04-25,9.984999656677246,9.984999656677246,9.984999656677246,9.984999656677246,0
2022-04-26,9.984999656677246,9.984999656677246,9.984999656677246,9.984999656677246,0
2022-04-27,9.984999656677246,9.984999656677246,9.984999656677246,9.984999656677246,0
2022-04-28,10.0,10.0,9.989999771118164,9.989999771118164,875000
2022-04-29,9.989999771118164,9.989999771118164,9.989999771118164,9.989999771118164,900
2022-05-02,9.989999771118164,9.989999771118164,9.989999771118164,9.989999771118164,3600
2022-05-03,9.989999771118164,9.989999771118164,9.989999771118164,9.989999771118164,0
2022-05-04,9.989999771118164,9.989999771118164,9.989999771118164,9.989999771118164,0
2022-05-05,9.989999771118164,10.005000114440918,9.989999771118164,9.989999771118164,2100
2022-05-06,9.989999771118164,9.989999771118164,9.989999771118164,9.989999771118164,0
2022-05-09,9.970000267028809,9.970000267028809,9.970000267028809,9.970000267028809,200
2022-05-10,9.979999542236328,10.039999961853027,9.979999542236328,10.020000457763672,2600
2022-05-11,9.960000038146973,9.960000038146973,9.960000038146973,9.960000038146973,200
2022-05-12,9.960000038146973,9.960000038146973,9.960000038146973,9.960000038146973,0
2022-05-13,9.960000038146973,9.960000038146973,9.960000038146973,9.960000038146973,0
2022-05-16,9.960000038146973,9.960000038146973,9.960000038146973,9.960000038146973,0
2022-05-17,9.960000038146973,9.960000038146973,9.960000038146973,9.960000038146973,0
2022-05-18,9.960000038146973,9.960000038146973,9.960000038146973,9.960000038146973,0
2022-05-19,9.960000038146973,9.960000038146973,9.960000038146973,9.960000038146973,0
2022-05-20,9.960000038146973,9.960000038146973,9.960000038146973,9.960000038146973,0
2022-05-23,9.960000038146973,9.960000038146973,9.960000038146973,9.960000038146973,0
2022-05-24,9.960000038146973,9.960000038146973,9.960000038146973,9.960000038146973,0
2022-05-25,9.960000038146973,9.960000038146973,9.960000038146973,9.960000038146973,0
2022-05-26,9.960000038146973,9.960000038146973,9.960000038146973,9.960000038146973,0
2022-05-27,9.960000038146973,9.960000038146973,9.960000038146973,9.960000038146973,0
2022-05-31,9.960000038146973,9.960000038146973,9.960000038146973,9.960000038146973,0
2022-06-01,9.960000038146973,9.970000267028809,9.960000038146973,9.960000038146973,4000
2022-06-02,9.949999809265137,9.949999809265137,9.949999809265137,9.949999809265137,600
2022-06-03,9.949999809265137,9.949999809265137,9.949999809265137,9.949999809265137,0
2022-06-06,9.949999809265137,9.949999809265137,9.949999809265137,9.949999809265137,0
2022-06-07,10.039999961853027,10.039999961853027,10.039999961853027,10.039999961853027,300
2022-06-08,10.039999961853027,10.039999961853027,10.039999961853027,10.039999961853027,0
2022-06-09,9.949999809265137,9.949999809265137,9.949999809265137,9.949999809265137,100
2022-06-10,9.949999809265137,9.970000267028809,9.949999809265137,9.949999809265137,1700
2022-06-13,9.979999542236328,9.989999771118164,9.979999542236328,9.989999771118164,400
2022-06-14,9.979999542236328,9.979999542236328,9.979999542236328,9.979999542236328,0
2022-06-15,9.949999809265137,9.979999542236328,9.920000076293944,9.949999809265137,67300
2022-06-16,9.970000267028809,9.970000267028809,9.970000267028809,9.970000267028809,300000
2022-06-17,9.960000038146973,9.970000267028809,9.960000038146973,9.970000267028809,76200
2022-06-21,9.979999542236328,9.979999542236328,9.979999542236328,9.979999542236328,25800
2022-06-22,9.979999542236328,9.979999542236328,9.979999542236328,9.979999542236328,0
2022-06-23,9.979999542236328,9.979999542236328,9.979999542236328,9.979999542236328,0
2022-06-24,9.9399995803833,9.9399995803833,9.9399995803833,9.9399995803833,400
2022-06-27,10.020000457763672,10.020000457763672,9.949999809265137,9.979999542236328,2000
2022-06-28,10.020000457763672,10.020000457763672,10.020000457763672,10.020000457763672,0
2022-06-29,9.979999542236328,9.979999542236328,9.949999809265137,9.970000267028809,270800
2022-06-30,9.979999542236328,9.984999656677246,9.949999809265137,9.96500015258789,166900
2022-07-01,9.960000038146973,9.960000038146973,9.960000038146973,9.960000038146973,200
2022-07-05,9.960000038146973,9.960000038146973,9.960000038146973,9.960000038146973,0
2022-07-06,9.960000038146973,9.960000038146973,9.960000038146973,9.960000038146973,0
2022-07-07,9.960000038146973,9.960000038146973,9.960000038146973,9.960000038146973,0
2022-07-08,9.960000038146973,9.960000038146973,9.960000038146973,9.960000038146973,0
2022-07-11,9.960000038146973,9.960000038146973,9.960000038146973,9.960000038146973,0
2022-07-12,9.960000038146973,9.960000038146973,9.960000038146973,9.960000038146973,0
2022-07-13,9.960000038146973,9.960000038146973,9.960000038146973,9.960000038146973,0
2022-07-14,9.960000038146973,9.960000038146973,9.960000038146973,9.960000038146973,0
2022-07-15,10.0,10.484999656677246,10.0,10.449999809265137,2000
2022-07-18,9.984999656677246,9.984999656677246,9.979999542236328,9.979999542236328,97400
2022-07-19,9.984999656677246,9.984999656677246,9.984999656677246,9.984999656677246,0
2022-07-20,9.989999771118164,9.989999771118164,9.989999771118164,9.989999771118164,200
2022-07-21,9.994999885559082,10.0,9.994999885559082,9.994999885559082,3000
2022-07-22,9.994999885559082,9.994999885559082,9.994999885559082,9.994999885559082,0
2022-07-25,9.994999885559082,9.994999885559082,9.994999885559082,9.994999885559082,0
2022-07-26,9.994999885559082,9.994999885559082,9.994999885559082,9.994999885559082,0
2022-07-27,10.010000228881836,10.010000228881836,10.010000228881836,10.010000228881836,298100
2022-07-28,10.029999732971191,10.079999923706056,10.010000228881836,10.079999923706056,45100
2022-07-29,10.024999618530272,10.079999923706056,10.010000228881836,10.079999923706056,100900
2022-08-01,10.039999961853027,10.050000190734863,10.020000457763672,10.029999732971191,266700
2022-08-02,10.029999732971191,10.079999923706056,10.020000457763672,10.039999961853027,2700
2022-08-03,10.029999732971191,10.029999732971191,10.024999618530272,10.029999732971191,25000
2022-08-04,10.029999732971191,10.029999732971191,10.020000457763672,10.029999732971191,2400
2022-08-05,10.029999732971191,10.029999732971191,10.029999732971191,10.029999732971191,3500
2022-08-08,10.039999961853027,10.039999961853027,10.029999732971191,10.029999732971191,21700
2022-08-09,10.039999961853027,10.039999961853027,10.039999961853027,10.039999961853027,35000
2022-08-10,10.03499984741211,10.050000190734863,10.03499984741211,10.050000190734863,11200
2022-08-11,10.039999961853027,10.039999961853027,10.039999961853027,10.039999961853027,10000
2022-08-12,10.020000457763672,10.020000457763672,10.020000457763672,10.020000457763672,137500
2022-08-15,10.029999732971191,10.029999732971191,10.029999732971191,10.029999732971191,1800
2022-08-16,10.029999732971191,10.029999732971191,10.029999732971191,10.029999732971191,1600
2022-08-17,10.024999618530272,10.03499984741211,10.024999618530272,10.029999732971191,3900
2022-08-18,10.050000190734863,10.050000190734863,10.029999732971191,10.029999732971191,119200
2022-08-19,10.050000190734863,10.050000190734863,10.020000457763672,10.020000457763672,9800
2022-08-22,10.038000106811523,10.039999961853027,10.038000106811523,10.039999961853027,800
2022-08-23,10.0600004196167,10.0600004196167,10.0600004196167,10.0600004196167,2600
2022-08-24,10.0600004196167,10.079999923706056,10.0600004196167,10.0600004196167,52400
2022-08-25,10.06999969482422,10.079999923706056,10.0600004196167,10.06999969482422,156300
2022-08-26,10.06999969482422,10.06999969482422,10.06999969482422,10.06999969482422,0
2022-08-29,10.06999969482422,10.06999969482422,10.06999969482422,10.06999969482422,0
2022-08-30,10.06999969482422,10.06999969482422,10.06999969482422,10.06999969482422,0
2022-08-31,10.06999969482422,10.06999969482422,10.06999969482422,10.06999969482422,0
2022-09-01,10.06999969482422,10.06999969482422,10.06999969482422,10.06999969482422,0
2022-09-02,10.06999969482422,10.06999969482422,10.06999969482422,10.06999969482422,100
2022-09-06,10.050000190734863,10.06999969482422,10.050000190734863,10.0600004196167,93000
2022-09-07,10.050000190734863,10.050000190734863,10.050000190734863,10.050000190734863,0
2022-09-08,10.050000190734863,10.050000190734863,10.050000190734863,10.050000190734863,0
2022-09-09,10.0600004196167,10.0600004196167,10.050000190734863,10.050000190734863,22100
2022-09-12,10.0600004196167,10.0600004196167,10.0600004196167,10.0600004196167,2200
2022-09-13,10.0600004196167,10.0600004196167,10.039999961853027,10.0600004196167,184400
2022-09-14,10.06999969482422,10.06999969482422,10.050000190734863,10.0600004196167,10300
2022-09-15,10.079999923706056,10.079999923706056,10.06999969482422,10.06999969482422,36300
2022-09-16,10.079999923706056,10.079999923706056,10.079999923706056,10.079999923706056,0
2022-09-19,10.079999923706056,10.079999923706056,10.079999923706056,10.079999923706056,100
2022-09-20,10.09000015258789,10.09000015258789,10.079999923706056,10.079999923706056,308700
2022-09-21,10.050000190734863,10.050000190734863,10.050000190734863,10.050000190734863,400
2022-09-22,10.050000190734863,10.050000190734863,10.050000190734863,10.050000190734863,0
2022-09-23,10.09000015258789,10.09000015258789,10.09000015258789,10.09000015258789,100
2022-09-26,10.09000015258789,10.09000015258789,10.09000015258789,10.09000015258789,0
2022-09-27,10.100000381469728,10.100000381469728,10.100000381469728,10.100000381469728,300
2022-09-28,10.039999961853027,10.039999961853027,10.039999961853027,10.039999961853027,24600
2022-09-29,10.0600004196167,10.0600004196167,10.0600004196167,10.0600004196167,300
2022-09-30,10.0600004196167,10.0600004196167,10.0600004196167,10.0600004196167,25200
2022-10-03,10.06999969482422,10.06999969482422,10.06999969482422,10.06999969482422,1200
2022-10-04,10.09000015258789,10.09000015258789,10.079999923706056,10.079999923706056,96500
2022-10-05,10.079999923706056,10.079999923706056,10.079999923706056,10.079999923706056,95700
2022-10-06,10.09000015258789,10.09000015258789,10.09000015258789,10.09000015258789,635000
2022-10-07,10.09000015258789,10.09000015258789,10.09000015258789,10.09000015258789,300
2022-10-10,10.100000381469728,10.100000381469728,10.100000381469728,10.100000381469728,1000
2022-10-11,10.100000381469728,10.100000381469728,10.100000381469728,10.100000381469728,200100
2022-10-12,10.109999656677246,10.109999656677246,10.109999656677246,10.109999656677246,11200
2022-10-13,10.100000381469728,10.109999656677246,10.100000381469728,10.104999542236328,13400
2022-10-14,10.119999885559082,10.119999885559082,10.109999656677246,10.109999656677246,210300
2022-10-17,10.119999885559082,10.119999885559082,10.119999885559082,10.119999885559082,0
2022-10-18,10.119999885559082,10.119999885559082,10.119999885559082,10.119999885559082,0
2022-10-19,10.050000190734863,10.050000190734863,10.050000190734863,10.050000190734863,800
2022-10-20,10.050000190734863,10.050000190734863,10.050000190734863,10.050000190734863,0
2022-10-21,10.050000190734863,10.050000190734863,10.050000190734863,10.050000190734863,0
2022-10-24,10.050000190734863,10.050000190734863,10.050000190734863,10.050000190734863,0
2022-10-25,10.119999885559082,10.119999885559082,10.109999656677246,10.109999656677246,1400
2022-10-26,10.109999656677246,10.109999656677246,10.109999656677246,10.109999656677246,1600
2022-10-27,10.119999885559082,10.119999885559082,10.109999656677246,10.109999656677246,6200
2022-10-28,10.119999885559082,10.119999885559082,10.119999885559082,10.119999885559082,0
2022-10-31,10.119999885559082,10.119999885559082,10.119999885559082,10.119999885559082,0
2022-11-01,10.140000343322754,10.140000343322754,10.140000343322754,10.140000343322754,1700
2022-11-02,10.140000343322754,10.140000343322754,10.140000343322754,10.140000343322754,0
2022-11-03,10.140000343322754,10.140000343322754,10.140000343322754,10.140000343322754,0
2022-11-04,10.140000343322754,10.140000343322754,10.140000343322754,10.140000343322754,0
2022-11-07,10.140000343322754,10.140000343322754,10.140000343322754,10.140000343322754,0
2022-11-08,10.140000343322754,10.140000343322754,10.140000343322754,10.140000343322754,0
2022-11-09,10.140000343322754,10.140000343322754,10.140000343322754,10.140000343322754,0
2022-11-10,10.140000343322754,10.140000343322754,10.140000343322754,10.140000343322754,0
2022-11-11,10.140000343322754,10.140000343322754,10.140000343322754,10.140000343322754,0
2022-11-14,10.145000457763672,10.145000457763672,10.109999656677246,10.109999656677246,20200
2022-11-15,10.145000457763672,10.145000457763672,10.145000457763672,10.145000457763672,0
2022-11-16,10.145000457763672,10.145000457763672,10.145000457763672,10.145000457763672,0
2022-11-17,10.164999961853027,10.164999961853027,10.164999961853027,10.164999961853027,200
2022-11-18,10.164999961853027,10.164999961853027,10.164999961853027,10.164999961853027,0
2022-11-21,10.164999961853027,10.164999961853027,10.164999961853027,10.164999961853027,0
2022-11-22,10.18000030517578,10.18000030517578,10.18000030517578,10.18000030517578,3100
2022-11-23,10.210000038146973,10.210000038146973,10.18000030517578,10.184000015258787,5300
2022-11-25,10.210000038146973,10.210000038146973,10.210000038146973,10.210000038146973,0
2022-11-28,10.210000038146973,10.210000038146973,10.210000038146973,10.210000038146973,0
2022-11-29,10.210000038146973,10.210000038146973,10.210000038146973,10.210000038146973,0
2022-11-30,10.210000038146973,10.210000038146973,10.210000038146973,10.210000038146973,0
2022-12-01,10.220000267028809,10.220000267028809,10.199999809265137,10.204999923706056,52300
2022-12-02,10.220000267028809,10.220000267028809,10.220000267028809,10.220000267028809,0
2022-12-05,10.220000267028809,10.220000267028809,10.220000267028809,10.220000267028809,0
2022-12-06,10.220000267028809,10.220000267028809,10.220000267028809,10.220000267028809,0
2022-12-07,10.220000267028809,10.220000267028809,10.218000411987305,10.218000411987305,32800
2022-12-08,10.229999542236328,10.229999542236328,10.215999603271484,10.220000267028809,78000
2022-12-09,10.220000267028809,10.220000267028809,10.220000267028809,10.220000267028809,1300
2022-12-12,10.229999542236328,10.239999771118164,10.220000267028809,10.220000267028809,32300
2022-12-13,10.229999542236328,10.229999542236328,10.229999542236328,10.229999542236328,0
2022-12-14,10.229999542236328,10.229999542236328,10.229999542236328,10.229999542236328,0
2022-12-15,10.260000228881836,10.260000228881836,10.25,10.25,2200
2022-12-16,10.260000228881836,10.260000228881836,10.260000228881836,10.260000228881836,0
2022-12-19,10.260000228881836,10.260000228881836,10.260000228881836,10.260000228881836,0
2022-12-20,10.260000228881836,10.260000228881836,10.260000228881836,10.260000228881836,0
2022-12-21,10.260000228881836,10.260000228881836,10.260000228881836,10.260000228881836,0
2022-12-22,10.260000228881836,10.260000228881836,10.260000228881836,10.260000228881836,100
2022-12-23,10.270000457763672,10.270000457763672,10.239999771118164,10.25,2000
2022-12-27,10.270000457763672,10.270000457763672,10.270000457763672,10.270000457763672,0
2022-12-28,10.270000457763672,10.270000457763672,10.270000457763672,10.270000457763672,0
2022-12-29,10.239999771118164,10.239999771118164,10.239999771118164,10.239999771118164,1600
2022-12-30,10.239999771118164,10.239999771118164,10.239999771118164,10.239999771118164,100
2023-01-03,10.25,10.279999732971191,10.25,10.270000457763672,1700
2023-01-04,10.270000457763672,10.270000457763672,10.260000228881836,10.270000457763672,1300
2023-01-05,10.289999961853027,10.289999961853027,10.270000457763672,10.270000457763672,6700
2023-01-06,10.3100004196167,10.3100004196167,10.300000190734863,10.300000190734863,15200
2023-01-09,10.3100004196167,10.329999923706056,10.3100004196167,10.3100004196167,23800
2023-01-10,10.31999969482422,10.31999969482422,10.3100004196167,10.3100004196167,21400
2023-01-11,10.31999969482422,10.329999923706056,10.3100004196167,10.31999969482422,441500
2023-01-12,10.329999923706056,10.34000015258789,10.31999969482422,10.31999969482422,241400
2023-01-13,10.34000015258789,10.34000015258789,10.329999923706056,10.329999923706056,314800
2023-01-17,10.345000267028809,10.345000267028809,10.329999923706056,10.333000183105469,234600
2023-01-18,10.34000015258789,10.369999885559082,10.34000015258789,10.350000381469728,21100
2023-01-19,10.34000015258789,10.34000015258789,10.34000015258789,10.34000015258789,415600
2023-01-20,10.34000015258789,10.34000015258789,10.34000015258789,10.34000015258789,5100
2023-01-23,10.34000015258789,10.854999542236328,10.34000015258789,10.34000015258789,40700
2023-01-24,10.350000381469728,10.350000381469728,10.34000015258789,10.34000015258789,532300
2023-01-25,10.350000381469728,10.350000381469728,10.350000381469728,10.350000381469728,0
2023-01-26,10.350000381469728,10.350000381469728,10.350000381469728,10.350000381469728,863400
2023-01-27,10.345000267028809,10.350000381469728,10.345000267028809,10.350000381469728,1200
2023-01-30,10.350000381469728,10.350000381469728,10.350000381469728,10.350000381469728,8700
2023-01-31,10.350000381469728,10.350000381469728,10.350000381469728,10.350000381469728,100
2023-02-01,10.350000381469728,10.350000381469728,10.350000381469728,10.350000381469728,0
2023-02-02,10.350000381469728,10.350000381469728,10.350000381469728,10.350000381469728,0
2023-02-03,10.350000381469728,10.350000381469728,10.34000015258789,10.345000267028809,159700
2023-02-06,10.354999542236328,10.354999542236328,10.350000381469728,10.350000381469728,1700
2023-02-07,10.350000381469728,10.359999656677246,10.350000381469728,10.359999656677246,87400
2023-02-08,10.350000381469728,10.350000381469728,10.350000381469728,10.350000381469728,0
2023-02-09,10.350000381469728,10.350000381469728,10.350000381469728,10.350000381469728,0
2023-02-10,10.350000381469728,10.350000381469728,10.350000381469728,10.350000381469728,0
2023-02-13,10.350000381469728,10.350000381469728,10.350000381469728,10.350000381469728,0
2023-02-14,10.359999656677246,10.380000114440918,10.350000381469728,10.380000114440918,249200
2023-02-15,10.34000015258789,10.354999542236328,10.34000015258789,10.350000381469728,55000
2023-02-16,10.350000381469728,10.380000114440918,10.345000267028809,10.380000114440918,60500
2023-02-17,10.350000381469728,10.350000381469728,10.350000381469728,10.350000381469728,250000
2023-02-21,10.364999771118164,10.375,10.364999771118164,10.369999885559082,20400
2023-02-22,10.364999771118164,10.364999771118164,10.364999771118164,10.364999771118164,0
2023-02-23,10.369999885559082,10.369999885559082,10.364999771118164,10.364999771118164,10200
2023-02-24,10.369999885559082,10.369999885559082,10.369999885559082,10.369999885559082,60100
2023-02-27,10.399999618530272,10.4399995803833,10.390000343322754,10.4399995803833,6600
2023-02-28,10.40999984741211,10.40999984741211,10.399999618530272,10.399999618530272,58400
2023-03-01,10.40999984741211,10.40999984741211,10.40999984741211,10.40999984741211,0
2023-03-02,10.40999984741211,10.40999984741211,10.40999984741211,10.40999984741211,0
2023-03-03,10.380000114440918,10.380000114440918,10.380000114440918,10.380000114440918,200
2023-03-06,10.420000076293944,10.420000076293944,10.399999618530272,10.399999618530272,1700
2023-03-07,10.399999618530272,10.40999984741211,10.399999618530272,10.40999984741211,6300
2023-03-08,10.399999618530272,10.399999618530272,10.399999618530272,10.399999618530272,653800
2023-03-09,10.414999961853027,10.414999961853027,10.414999961853027,10.414999961853027,150100
2023-03-10,10.414999961853027,10.414999961853027,10.414999961853027,10.414999961853027,0
2023-03-13,10.414999961853027,10.414999961853027,10.414999961853027,10.414999961853027,0
2023-03-14,10.414999961853027,10.414999961853027,10.414999961853027,10.414999961853027,0
2023-03-15,10.414999961853027,10.414999961853027,10.414999961853027,10.414999961853027,0
2023-03-16,10.40999984741211,10.40999984741211,10.40999984741211,10.40999984741211,1600
2023-03-17,10.40999984741211,10.40999984741211,10.40999984741211,10.40999984741211,0
2023-03-20,10.40999984741211,10.40999984741211,10.40999984741211,10.40999984741211,0
2023-03-21,10.40999984741211,10.40999984741211,10.40999984741211,10.40999984741211,100
2023-03-22,10.40999984741211,10.40999984741211,10.40999984741211,10.40999984741211,0
2023-03-23,10.470000267028809,10.470000267028809,10.470000267028809,10.470000267028809,2300
2023-03-24,10.477999687194824,10.479999542236328,10.475000381469728,10.479999542236328,2300
2023-03-27,10.477999687194824,10.477999687194824,10.477999687194824,10.477999687194824,0
2023-03-28,10.477999687194824,10.477999687194824,10.477999687194824,10.477999687194824,0
2023-03-29,10.477999687194824,10.477999687194824,10.477999687194824,10.477999687194824,0
2023-03-30,10.40999984741211,10.479999542236328,10.40999984741211,10.475000381469728,428500
2023-03-31,10.449999809265137,10.449999809265137,10.449999809265137,10.449999809265137,300
2023-04-03,10.449999809265137,10.449999809265137,10.449999809265137,10.449999809265137,0
2023-04-04,10.43000030517578,10.43000030517578,10.43000030517578,10.43000030517578,2800
2023-04-05,10.449999809265137,10.449999809265137,10.449999809265137,10.449999809265137,48400
2023-04-06,10.449999809265137,10.449999809265137,10.449999809265137,10.449999809265137,100
2023-04-10,10.449999809265137,10.449999809265137,10.449999809265137,10.449999809265137,75000
2023-04-11,10.449999809265137,10.479999542236328,10.449999809265137,10.479999542236328,32100
2023-04-12,10.449999809265137,10.470000267028809,10.449999809265137,10.470000267028809,552400
2023-04-13,10.449999809265137,10.449999809265137,10.449999809265137,10.449999809265137,1000
2023-04-14,10.449999809265137,10.449999809265137,10.4399995803833,10.4399995803833,209600
2023-04-17,10.449999809265137,10.449999809265137,10.449999809265137,10.449999809265137,0
2023-04-18,10.479999542236328,10.479999542236328,10.449999809265137,10.479999542236328,890800
2023-04-19,10.470000267028809,10.470000267028809,10.470000267028809,10.470000267028809,100
2023-04-20,10.470000267028809,10.470000267028809,10.470000267028809,10.470000267028809,150000
2023-04-21,10.470000267028809,10.470000267028809,10.470000267028809,10.470000267028809,0
2023-04-24,10.479999542236328,10.479999542236328,10.479999542236328,10.479999542236328,1700
2023-04-25,10.479999542236328,10.479999542236328,10.479999542236328,10.479999542236328,2300
2023-04-26,10.520000457763672,10.520000457763672,10.520000457763672,10.520000457763672,100
2023-04-27,10.520000457763672,10.520000457763672,10.520000457763672,10.520000457763672,0
2023-04-28,10.489999771118164,10.539999961853027,10.489999771118164,10.539999961853027,700
2023-05-01,10.539999961853027,10.539999961853027,10.539999961853027,10.539999961853027,100
2023-05-02,10.539999961853027,10.539999961853027,10.539999961853027,10.539999961853027,0
2023-05-03,10.539999961853027,10.539999961853027,10.539999961853027,10.539999961853027,0
2023-05-04,10.539999961853027,10.539999961853027,10.539999961853027,10.539999961853027,0
2023-05-05,10.539999961853027,10.539999961853027,10.539999961853027,10.539999961853027,0
2023-05-08,10.479999542236328,10.479999542236328,10.479999542236328,10.479999542236328,200
2023-05-09,10.5,10.5,10.489999771118164,10.489999771118164,500
2023-05-10,10.5,10.5,10.489999771118164,10.489999771118164,50300
2023-05-11,10.5,10.5,10.5,10.5,0
2023-05-12,10.550000190734863,10.56999969482422,10.5,10.5,2300
2023-05-15,10.550000190734863,10.550000190734863,10.550000190734863,10.550000190734863,0
2023-05-16,10.5,10.5,10.5,10.5,800
2023-05-17,10.529999732971191,10.529999732971191,10.510000228881836,10.510000228881836,313500
2023-05-18,10.529999732971191,10.529999732971191,10.529999732971191,10.529999732971191,0
2023-05-19,10.529999732971191,10.529999732971191,10.529999732971191,10.529999732971191,100
2023-05-22,10.529999732971191,10.529999732971191,10.529999732971191,10.529999732971191,0
2023-05-23,10.529999732971191,10.529999732971191,10.529999732971191,10.529999732971191,0
2023-05-24,10.529999732971191,10.529999732971191,10.529999732971191,10.529999732971191,109200
2023-05-25,10.539999961853027,10.539999961853027,10.529999732971191,10.529999732971191,300
2023-05-26,10.520000457763672,10.520000457763672,10.520000457763672,10.520000457763672,200
2023-05-30,10.550000190734863,10.550000190734863,10.550000190734863,10.550000190734863,100
2023-05-31,10.550000190734863,10.550000190734863,10.550000190734863,10.550000190734863,0
2023-06-01,10.550000190734863,10.550000190734863,10.550000190734863,10.550000190734863,300
2023-06-02,10.550000190734863,10.550000190734863,10.550000190734863,10.550000190734863,0
2023-06-05,10.539999961853027,10.550000190734863,10.526000022888184,10.526000022888184,12500
2023-06-06,10.539999961853027,10.539999961853027,10.539999961853027,10.539999961853027,0
2023-06-07,10.539999961853027,10.539999961853027,10.539999961853027,10.539999961853027,0
2023-06-08,10.5600004196167,10.5649995803833,10.550000190734863,10.5600004196167,144700
2023-06-09,10.5600004196167,10.5600004196167,10.5600004196167,10.5600004196167,0
2023-06-12,10.550000190734863,10.550000190734863,10.550000190734863,10.550000190734863,200
2023-06-13,10.550000190734863,10.550000190734863,10.550000190734863,10.550000190734863,0
2023-06-14,10.550000190734863,10.550000190734863,10.550000190734863,10.550000190734863,0
2023-06-15,10.579999923706056,10.579999923706056,10.5600004196167,10.5649995803833,65000
2023-06-16,10.585000038146973,10.600000381469728,10.585000038146973,10.600000381469728,10400
2023-06-20,10.600000381469728,10.600000381469728,10.600000381469728,10.600000381469728,22700
2023-06-21,10.619999885559082,10.619999885559082,10.619999885559082,10.619999885559082,100
2023-06-22,10.619999885559082,10.619999885559082,10.619999885559082,10.619999885559082,2300
2023-06-23,10.619999885559082,10.619999885559082,10.619999885559082,10.619999885559082,0
2023-06-26,10.619999885559082,10.619999885559082,10.619999885559082,10.619999885559082,0
2023-06-27,10.630000114440918,10.630000114440918,10.630000114440918,10.630000114440918,257900
2023-06-28,10.630000114440918,10.630000114440918,10.630000114440918,10.630000114440918,0
2023-06-29,10.630000114440918,10.630000114440918,10.630000114440918,10.630000114440918,0
2023-06-30,10.630000114440918,10.630000114440918,10.630000114440918,10.630000114440918,0
2023-07-03,10.630000114440918,10.630000114440918,10.630000114440918,10.630000114440918,0
2023-07-05,10.630000114440918,10.630000114440918,10.630000114440918,10.630000114440918,0
2023-07-06,10.640000343322754,10.640000343322754,10.640000343322754,10.640000343322754,100
2023-07-07,10.65999984741211,10.65999984741211,10.65999984741211,10.65999984741211,8600
2023-07-10,10.65999984741211,10.65999984741211,10.649999618530272,10.649999618530272,10700
2023-07-11,10.65999984741211,10.65999984741211,10.65999984741211,10.65999984741211,0
2023-07-12,10.65999984741211,10.65999984741211,10.65999984741211,10.65999984741211,0
2023-07-13,10.65999984741211,10.65999984741211,10.65999984741211,10.65999984741211,0
2023-07-14,10.65999984741211,10.65999984741211,10.65999984741211,10.65999984741211,0
2023-07-17,10.649999618530272,10.649999618530272,10.649999618530272,10.649999618530272,2000
2023-07-18,10.640000343322754,10.645999908447266,10.630000114440918,10.630000114440918,128700
2023-07-19,10.640000343322754,10.640000343322754,10.638999938964844,10.638999938964844,2400
2023-07-20,10.640000343322754,10.640000343322754,10.628000259399414,10.630000114440918,189600
2023-07-21,10.649999618530272,10.65999984741211,10.640000343322754,10.640000343322754,212700
2023-07-24,10.670000076293944,10.670000076293944,10.65999984741211,10.65999984741211,191600
2023-07-25,10.670000076293944,10.739999771118164,10.670000076293944,10.670000076293944,186900
2023-07-26,10.68000030517578,10.6899995803833,10.68000030517578,10.687999725341797,2200
2023-07-27,10.6899995803833,10.699999809265137,10.6899995803833,10.6899995803833,6500
2023-07-28,10.6899995803833,10.6899995803833,10.6899995803833,10.6899995803833,0
2023-07-31,10.6899995803833,10.6899995803833,10.6899995803833,10.6899995803833,100
2023-08-01,10.720000267028809,10.720000267028809,10.710000038146973,10.710000038146973,725700
2023-08-02,10.720000267028809,10.720000267028809,10.71500015258789,10.71500015258789,95300
2023-08-03,10.729999542236328,10.75,10.720000267028809,10.720000267028809,1217300
2023-08-04,10.739999771118164,10.75,10.729999542236328,10.75,403300
2023-08-07,10.739999771118164,10.739999771118164,10.739999771118164,10.739999771118164,0
2023-08-08,10.729999542236328,10.729999542236328,10.729999542236328,10.729999542236328,200
2023-08-09,10.75,10.779999732971191,10.739999771118164,10.779999732971191,369600
2023-08-10,10.75,10.760000228881836,10.75,10.75,1583900
2023-08-11,10.75,10.75,10.75,10.75,380000
2023-08-14,10.755000114440918,10.760000228881836,10.739999771118164,10.75,427000
2023-08-15,10.760000228881836,10.760000228881836,10.75,10.755000114440918,1321100
2023-08-16,10.75,10.760000228881836,10.4399995803833,10.760000228881836,805700
2023-08-17,10.729999542236328,10.75,10.30500030517578,10.739999771118164,1074300
2023-08-18,10.75,10.75,10.699999809265137,10.699999809265137,5100
2023-08-21,10.710000038146973,11.09000015258789,10.6899995803833,10.850000381469728,52600
2023-08-22,10.31999969482422,10.800000190734863,9.579999923706056,10.56999969482422,231100
2023-08-23,10.640000343322754,10.829999923706056,9.8100004196167,9.979999542236328,138500
2023-08-24,10.149999618530272,10.364999771118164,10.109999656677246,10.25,8300
2023-08-25,9.649999618530272,10.359999656677246,8.949999809265137,9.800000190734863,2848800
2023-08-28,11.649999618530272,14.100000381469728,10.029999732971191,11.949999809265137,733200
2023-08-29,11.239999771118164,12.279999732971191,10.34000015258789,11.100000381469728,207800
2023-08-30,11.210000038146973,11.720000267028809,10.739999771118164,10.739999771118164,139300
2023-08-31,11.550000190734863,12.0,10.010000228881836,11.170000076293944,168500
2023-09-01,11.399999618530272,13.0,10.270000457763672,11.40999984741211,261000
2023-09-05,10.800000190734863,12.489999771118164,10.550000190734863,11.229999542236328,227800
2023-09-06,11.449999809265137,12.5,10.149999618530272,10.65999984741211,245300
2023-09-07,11.449999809265137,11.75,10.850000381469728,11.1899995803833,13600
2023-09-08,11.130000114440918,12.0,11.0600004196167,11.220000267028809,54500
2023-09-11,11.550000190734863,11.920000076293944,10.8100004196167,11.199999809265137,41700
2023-09-12,11.0,11.899999618530272,9.399999618530272,11.369999885559082,234400
2023-09-13,10.81999969482422,11.600000381469728,10.734999656677246,10.890000343322754,35300
2023-09-14,10.949999809265137,11.489999771118164,10.55799961090088,10.739999771118164,51100
2023-09-15,10.130000114440918,10.800000190734863,9.829999923706056,10.720000267028809,26100
2023-09-18,10.829999923706056,11.1899995803833,10.6899995803833,10.829999923706056,106700
2023-09-19,10.210000038146973,11.020000457763672,10.0,10.779999732971191,62700
2023-09-20,11.119999885559082,17.0,9.800000190734863,9.800000190734863,805700
2023-09-21,6.570000171661377,12.5,5.840000152587891,12.5,783900
2023-09-22,5.650000095367432,6.489999771118164,5.380000114440918,6.360000133514404,603300
2023-09-25,5.369999885559082,5.760000228881836,4.659999847412109,5.409999847412109,293000
2023-09-26,5.0,5.0,4.800000190734863,4.800000190734863,75600
2023-09-27,4.550000190734863,4.650000095367432,3.859999895095825,4.510000228881836,102100
2023-09-28,4.400000095367432,4.539999961853027,4.25,4.449999809265137,29600
2023-09-29,4.170000076293945,4.260000228881836,4.059999942779541,4.239999771118164,24600
2023-10-02,4.389999866485596,4.489999771118164,4.170000076293945,4.460000038146973,90100
2023-10-03,4.210000038146973,4.539999961853027,4.019999980926514,4.260000228881836,29500
2023-10-04,4.369999885559082,4.547999858856201,4.110000133514404,4.139999866485596,46700
2023-10-05,4.139999866485596,4.255000114440918,4.03000020980835,4.239999771118164,9600
2023-10-06,4.599999904632568,4.659999847412109,4.059999942779541,4.059999942779541,39200
2023-10-09,3.940000057220459,4.46999979019165,3.859999895095825,4.46999979019165,120400
2023-10-10,3.9600000381469727,4.255000114440918,3.700000047683716,3.900000095367432,38300
2023-10-11,3.839999914169312,4.099999904632568,3.819999933242798,4.099999904632568,10000
2023-10-12,3.9700000286102295,4.019999980926514,3.799999952316284,3.859999895095825,17100
2023-10-13,3.859999895095825,3.9600000381469727,3.819999933242798,3.880000114440918,4900
2023-10-16,3.859999895095825,3.859999895095825,3.75,3.7899999618530273,5200
2023-10-17,3.700000047683716,3.819999933242798,3.690000057220459,3.7300000190734863,9300
2023-10-18,4.019999980926514,4.019999980926514,3.690000057220459,3.690000057220459,16300
2023-10-19,4.289999961853027,4.5,3.697999954223633,3.740000009536743,23000
2023-10-20,4.269999980926514,4.269999980926514,3.900000095367432,4.21999979019165,25500
2023-10-23,4.090000152587891,4.25,3.9800000190734863,4.019999980926514,21800
2023-10-24,4.699999809265137,4.769999980926514,3.849999904632568,3.9700000286102295,21600
2023-10-25,4.480000019073486,4.630000114440918,4.300000190734863,4.610000133514404,2400
2023-10-26,4.480000019073486,4.659999847412109,4.159999847412109,4.251999855041504,59700
2023-10-27,4.619999885559082,4.619999885559082,4.130000114440918,4.5,9200
2023-10-30,4.210000038146973,4.599999904632568,4.199999809265137,4.599999904632568,7800
2023-10-31,4.480000019073486,4.510000228881836,4.190000057220459,4.190000057220459,2500
2023-11-01,4.199999809265137,4.590000152587891,4.199999809265137,4.429999828338623,38500
2023-11-02,4.300000190734863,4.409999847412109,4.190000057220459,4.190000057220459,20600
2023-11-03,4.050000190734863,4.300000190734863,3.910000085830689,4.289999961853027,19900
2023-11-06,4.130000114440918,4.28000020980835,3.75,3.869999885559082,33200
2023-11-07,4.630000114440918,4.730000019073486,3.990000009536743,3.990000009536743,35500
2023-11-08,4.96999979019165,5.099999904632568,4.380000114440918,4.380000114440918,21300
2023-11-09,4.889999866485596,4.900000095367432,4.519999980926514,4.900000095367432,2700
2023-11-10,4.96999979019165,4.96999979019165,4.550000190734863,4.650000095367432,8000
2023-11-13,4.590000152587891,4.900000095367432,4.590000152587891,4.769999980926514,3600
2023-11-14,4.940000057220459,4.940000057220459,4.929999828338623,4.929999828338623,1800
2023-11-15,4.630000114440918,4.793000221252441,4.599999904632568,4.650000095367432,2000
2023-11-16,4.21999979019165,4.630000114440918,4.21999979019165,4.630000114440918,1900
2023-11-17,4.75,4.800000190734863,4.400000095367432,4.400000095367432,7700
2023-11-20,4.650000095367432,4.71999979019165,4.400000095367432,4.400000095367432,6500
2023-11-21,4.489999771118164,4.710000038146973,4.199999809265137,4.5,10000
2023-11-22,4.860000133514404,4.860000133514404,4.210000038146973,4.349999904632568,23600
2023-11-24,4.860000133514404,4.860000133514404,4.860000133514404,4.860000133514404,2600
2023-11-27,5.010000228881836,5.010000228881836,4.579999923706055,4.579999923706055,7900
2023-11-28,4.849999904632568,5.010000228881836,4.71999979019165,4.849999904632568,6200
2023-11-29,5.0,5.145999908447266,4.75,5.0,23700
2023-11-30,4.900000095367432,5.139999866485596,4.849999904632568,4.989999771118164,13100
2023-12-01,4.920000076293945,5.050000190734863,4.619999885559082,4.820000171661377,30100
2023-12-04,3.509999990463257,4.809999942779541,3.4800000190734863,4.809999942779541,48500
2023-12-05,2.890000104904175,3.549999952316284,2.700000047683716,3.5299999713897705,55800
2023-12-06,2.930000066757202,3.3499999046325684,2.75,3.3499999046325684,17800
2023-12-07,3.200000047683716,3.328000068664551,3.049999952316284,3.086999893188477,11500
2023-12-08,2.789999961853028,3.3399999141693115,2.789999961853028,3.150000095367432,4900
2023-12-11,2.8499999046325684,2.986000061035156,2.7869999408721924,2.789999961853028,10600
2023-12-12,2.9800000190734863,3.2100000381469727,2.907999992370605,2.907999992370605,9600
2023-12-13,3.0299999713897705,3.299999952316284,2.900000095367432,3.0999999046325684,16600
2023-12-14,3.0299999713897705,3.4649999141693115,3.009999990463257,3.0299999713897705,19500
2023-12-15,3.200000047683716,3.809999942779541,3.0239999294281006,3.0239999294281006,44300
2023-12-18,3.25,3.539999961853028,3.150000095367432,3.150000095367432,8600
2023-12-19,3.1600000858306885,3.312000036239624,3.1600000858306885,3.312000036239624,2900
2023-12-20,3.119999885559082,3.259999990463257,3.119999885559082,3.150000095367432,2500
2023-12-21,3.5,3.640000104904175,3.109999895095825,3.130000114440918,22500
2023-12-22,4.199999809265137,4.46999979019165,3.400000095367432,3.400000095367432,27900
2023-12-26,4.052000045776367,4.690000057220459,4.052000045776367,4.46999979019165,15600
2023-12-27,4.369999885559082,5.0,3.819999933242798,4.0,30500
2023-12-28,4.539999961853027,4.639999866485596,4.370999813079834,4.370999813079834,2600
2023-12-29,5.090000152587891,5.090000152587891,4.416999816894531,4.599999904632568,18900
2024-01-02,4.789999961853027,5.03000020980835,4.383999824523926,5.03000020980835,2000
2024-01-03,4.75,4.789999961853027,4.730000019073486,4.789999961853027,700
2024-01-04,5.039999961853027,5.039999961853027,4.510000228881836,4.800000190734863,6500
2024-01-05,5.070000171661377,5.070000171661377,4.5,5.059999942779541,9900
2024-01-08,5.019999980926514,5.090000152587891,4.804999828338623,5.050000190734863,9400
2024-01-09,4.550000190734863,5.090000152587891,4.550000190734863,5.090000152587891,4800
2024-01-10,4.96999979019165,4.96999979019165,4.409999847412109,4.730000019073486,18300
2024-01-11,4.690000057220459,4.880000114440918,4.199999809265137,4.519999980926514,4600
2024-01-12,4.619999885559082,4.96999979019165,4.234000205993652,4.519999980926514,3600
2024-01-16,4.28000020980835,4.690000057220459,4.28000020980835,4.690000057220459,1300
2024-01-17,4.110000133514404,4.300000190734863,4.110000133514404,4.300000190734863,2700
2024-01-18,4.369999885559082,4.369999885559082,4.369999885559082,4.369999885559082,800
2024-01-19,4.179999828338623,4.179999828338623,3.950000047683716,3.9600000381469727,1200
2024-01-22,3.569999933242798,4.14300012588501,3.569999933242798,4.14300012588501,2900
2024-01-23,3.6640000343322754,4.09499979019165,3.6640000343322754,4.09499979019165,1800
2024-01-24,5.21999979019165,5.570000171661377,4.139999866485596,4.139999866485596,85300
2024-01-25,5.699999809265137,6.15500020980835,5.010000228881836,5.199999809265137,64600
2024-01-26,5.300000190734863,5.679999828338623,5.130000114440918,5.669000148773193,13800
2024-01-29,5.389999866485596,5.480000019073486,5.130000114440918,5.159999847412109,8000
2024-01-30,5.449999809265137,5.78000020980835,5.199999809265137,5.5,8400
2024-01-31,5.679999828338623,5.739999771118164,5.159999847412109,5.159999847412109,3100
2024-02-01,6.820000171661377,6.820000171661377,5.440000057220459,5.440000057220459,13600
2024-02-02,7.170000076293945,7.170000076293945,5.900000095367432,6.659999847412109,21100
2024-02-05,6.75,7.150000095367432,6.710000038146973,6.989999771118164,14900
2024-02-06,6.800000190734863,7.070000171661377,6.230000019073486,6.699999809265137,11300
2024-02-07,6.5,7.099999904632568,6.5,6.800000190734863,12600
2024-02-08,6.699999809265137,6.820000171661377,6.48799991607666,6.48799991607666,10500
2024-02-09,6.554999828338623,6.650000095367432,6.352000236511231,6.352000236511231,10300
2024-02-12,6.5,6.75,6.195000171661377,6.195000171661377,14900
2024-02-13,6.590000152587891,6.829999923706055,5.802000045776367,5.909999847412109,27400
2024-02-14,6.679999828338623,6.699999809265137,6.0,6.0,12800
2024-02-15,6.519999980926514,6.739999771118164,6.260000228881836,6.670000076293945,23800
2024-02-16,6.679999828338623,6.690000057220459,6.034999847412109,6.034999847412109,9700
2024-02-20,6.389999866485596,6.75,6.03000020980835,6.5,35600
2024-02-21,6.679999828338623,6.699999809265137,6.679999828338623,6.699999809265137,1800
2024-02-22,6.5,6.5,6.400000095367432,6.5,7600
2024-02-23,6.5,6.5,6.275000095367432,6.460000038146973,4800
2024-02-26,6.519999980926514,6.519999980926514,6.289999961853027,6.5,1900
2024-02-27,6.5,6.5,6.099999904632568,6.150000095367432,4600
2024-02-28,6.5,6.710000038146973,6.228000164031982,6.53000020980835,9300
2024-02-29,6.53000020980835,6.559999942779541,6.0,6.260000228881836,5900
2024-03-01,6.489999771118164,6.489999771118164,6.010000228881836,6.010000228881836,14500
2024-03-04,6.489999771118164,6.489999771118164,6.489999771118164,6.489999771118164,1000
2024-03-05,6.389999866485596,6.389999866485596,6.389999866485596,6.389999866485596,1100
2024-03-06,6.400000095367432,6.420000076293945,6.28000020980835,6.420000076293945,4300
2024-03-07,6.53000020980835,6.53000020980835,6.170000076293945,6.170000076293945,5400
2024-03-08,6.489999771118164,6.559999942779541,6.039999961853027,6.550000190734863,4100
2024-03-11,6.489999771118164,6.489999771118164,6.46999979019165,6.489999771118164,1600
2024-03-12,6.5,6.5,6.127999782562256,6.489999771118164,5600
2024-03-13,6.565000057220459,6.610000133514404,6.199999809265137,6.46999979019165,10100
2024-03-14,6.5,6.590000152587891,6.300000190734863,6.480000019073486,19100
2024-03-15,6.46999979019165,6.5,6.440000057220459,6.449999809265137,1900
2024-03-18,6.449999809265137,6.60699987411499,6.389999866485596,6.389999866485596,1500
2024-03-19,6.5,6.545000076293945,6.420000076293945,6.420000076293945,4800
2024-03-20,6.510000228881836,6.659999847412109,6.360000133514404,6.579999923706055,19500
2024-03-21,6.5,6.989999771118164,6.360000133514404,6.619999885559082,19800
2024-03-22,6.409999847412109,6.699999809265137,6.409999847412109,6.46999979019165,4500
2024-03-25,6.5,6.5,6.420000076293945,6.5,7100
2024-03-26,6.349999904632568,6.489999771118164,6.349999904632568,6.489999771118164,2500
2024-03-27,6.5,6.590000152587891,6.260000228881836,6.46999979019165,9400
2024-03-28,6.5,6.5,6.5,6.5,500
2024-04-01,6.5,6.71999979019165,6.210000038146973,6.550000190734863,22600
2024-04-02,6.059999942779541,6.599999904632568,5.670000076293945,6.409999847412109,14400
2024-04-03,5.329999923706055,6.0,5.210000038146973,6.0,5100
2024-04-04,6.269999980926514,6.380000114440918,5.480000019073486,5.480000019073486,5100
2024-04-05,6.670000076293945,6.670000076293945,6.054999828338623,6.46999979019165,4500
2024-04-08,6.5,6.650000095367432,5.699999809265137,6.650000095367432,2000
2024-04-09,6.480000019073486,6.510000228881836,6.170000076293945,6.36899995803833,17800
2024-04-10,6.0,6.460000038146973,5.96999979019165,6.460000038146973,45700
2024-04-11,5.860000133514404,6.0,5.550000190734863,5.739999771118164,15700
2024-04-12,5.860000133514404,5.860000133514404,5.849999904632568,5.849999904632568,2200
2024-04-15,5.5,5.860000133514404,5.440000057220459,5.860000133514404,26300
2024-04-16,5.5,5.579999923706055,5.46999979019165,5.579999923706055,6500
2024-04-17,5.5,5.599999904632568,5.389999866485596,5.5,15300
2024-04-18,5.119999885559082,5.400000095367432,5.0,5.349999904632568,22200
2024-04-19,4.900000095367432,5.0,4.829999923706055,5.0,10600
2024-04-22,4.960000038146973,5.050000190734863,4.75,4.96999979019165,59400
2024-04-23,5.0,5.489999771118164,4.954999923706055,4.989999771118164,34200
2024-04-24,5.0,5.059999942779541,4.760000228881836,4.760000228881836,28300
2024-04-25,5.170000076293945,5.409999847412109,4.96999979019165,5.079999923706055,28500
2024-04-26,4.840000152587891,5.0,4.809999942779541,4.989999771118164,23800
2024-04-29,4.949999809265137,4.949999809265137,4.550000190734863,4.909999847412109,17700
2024-04-30,4.159999847412109,4.989999771118164,4.159999847412109,4.989999771118164,33700
2024-05-01,4.239999771118164,4.309999942779541,4.239999771118164,4.309999942779541,1900
2024-05-02,4.460000038146973,4.5,4.239999771118164,4.489999771118164,18300
2024-05-03,4.489999771118164,4.5,4.300000190734863,4.46999979019165,7400
2024-05-06,4.010000228881836,4.429999828338623,4.010000228881836,4.429999828338623,29600
2024-05-07,3.839999914169312,4.110000133514404,3.839999914169312,4.054999828338623,31800
2024-05-08,3.859999895095825,3.990000009536743,3.684999942779541,3.9600000381469727,19800
2024-05-09,3.700000047683716,3.799999952316284,3.50600004196167,3.50600004196167,25100
2024-05-10,3.220000028610229,3.7799999713897705,3.109999895095825,3.5999999046325684,44300
2024-05-13,3.5299999713897705,3.651000022888184,3.150000095367432,3.200000047683716,60900
2024-05-14,3.299999952316284,3.509999990463257,3.1700000762939453,3.319999933242798,46100
2024-05-15,3.299999952316284,3.319999933242798,3.190000057220459,3.190000057220459,59700
2024-05-16,3.200000047683716,3.2799999713897705,3.119999885559082,3.2799999713897705,45400
2024-05-17,3.4200000762939453,3.539999961853028,3.0999999046325684,3.200000047683716,69800
2024-05-20,3.315000057220459,3.390000104904175,3.049999952316284,3.200000047683716,73300
2024-05-21,3.2799999713897705,3.322000026702881,3.039999961853028,3.200000047683716,38900
2024-05-22,3.930000066757202,3.9800000190734863,3.150000095367432,3.190000057220459,60300
2024-05-23,3.849999904632568,4.0,3.569999933242798,3.809999942779541,44800
2024-05-24,3.740000009536743,4.0,3.430000066757202,3.740000009536743,56900
2024-05-28,3.1600000858306885,3.849999904632568,3.150000095367432,3.849999904632568,57200
2024-05-29,3.0,3.365000009536743,2.8499999046325684,3.2100000381469727,68200
2024-05-30,3.0,3.2100000381469727,2.9200000762939453,2.9739999771118164,20800
2024-05-31,3.0,3.140000104904175,2.930000066757202,3.140000104904175,29500
2024-06-03,2.9200000762939453,3.065999984741211,2.8499999046325684,3.0,17100
2024-06-04,2.9600000381469727,3.0199999809265137,2.8499999046325684,3.009999990463257,4200
2024-06-05,2.8499999046325684,3.0,2.8499999046325684,2.990999937057495,12000
2024-06-06,2.8499999046325684,2.9600000381469727,2.8499999046325684,2.9600000381469727,13800
2024-06-07,2.8399999141693115,2.950000047683716,2.8399999141693115,2.8499999046325684,8600
2024-06-10,2.559999942779541,2.940000057220459,2.470000028610229,2.8399999141693115,18400
2024-06-11,2.5,2.7950000762939453,2.450000047683716,2.680000066757202,29100
2024-06-12,2.640000104904175,2.75,2.4200000762939453,2.619999885559082,27600
2024-06-13,2.4800000190734863,2.615000009536743,2.400000095367432,2.5999999046325684,29100
2024-06-14,2.430000066757202,2.799999952316284,2.2699999809265137,2.4200000762939453,57900
2024-06-17,2.319999933242798,2.5850000381469727,2.319999933242798,2.575000047683716,8300
2024-06-18,2.319999933242798,2.4200000762939453,2.2300000190734863,2.2300000190734863,24000
2024-06-20,2.200000047683716,2.5350000858306885,2.069999933242798,2.3399999141693115,27000
2024-06-21,1.5499999523162842,2.4649999141693115,1.5499999523162842,2.4649999141693115,60200
2024-06-24,2.0,2.3399999141693115,1.7699999809265137,1.7699999809265137,5809300
2024-06-25,2.009999990463257,2.2300000190734863,1.919999957084656,2.069999933242798,381600
2024-06-26,2.109999895095825,2.2300000190734863,1.7300000190734863,1.8799999952316284,275800
2024-06-27,2.0,2.4040000438690186,1.9299999475479128,2.049999952316284,230600
2024-06-28,2.220000028610229,2.369999885559082,1.9700000286102293,2.049999952316284,1840200
2024-07-01,1.6200000047683716,2.130000114440918,1.5499999523162842,2.130000114440918,3364400
2024-07-02,2.950000047683716,3.2799999713897705,2.0999999046325684,2.390000104904175,108003900
2024-07-03,2.75,3.0999999046325684,2.650000095367432,2.9800000190734863,2796800
2024-07-05,2.789999961853028,2.799999952316284,2.4800000190734863,2.7300000190734863,986700
2024-07-08,2.5299999713897705,2.740000009536743,2.390000104904175,2.720000028610229,585900
2024-07-09,2.180000066757202,2.569999933242798,2.0999999046325684,2.509999990463257,780800
2024-07-10,2.069999933242798,2.220000028610229,1.919999957084656,2.1600000858306885,540900
2024-07-11,2.140000104904175,2.180000066757202,2.04099988937378,2.049999952316284,243700
2024-07-12,2.150000095367432,2.200000047683716,1.919999957084656,2.109999895095825,408400
2024-07-15,2.3399999141693115,2.359999895095825,2.049999952316284,2.069999933242798,266000
2024-07-16,2.380000114440918,2.4200000762939453,2.25,2.369999885559082,240600
2024-07-17,2.2699999809265137,2.390000104904175,2.1600000858306885,2.309999942779541,110900
2024-07-18,2.039999961853028,2.276000022888184,1.9889999628067017,2.259999990463257,162100
2024-07-19,1.820000052452088,2.109999895095825,1.809999942779541,2.0799999237060547,186600
2024-07-22,1.830000042915344,1.94599997997284,1.7599999904632568,1.850000023841858,138500
2024-07-23,1.7400000095367432,1.8600000143051147,1.7000000476837158,1.850000023841858,182900
2024-07-24,1.6399999856948853,1.819000005722046,1.6299999952316284,1.7300000190734863,194800
2024-07-25,1.659999966621399,1.7200000286102295,1.6399999856948853,1.6399999856948853,115200
2024-07-26,1.6699999570846558,1.7000000476837158,1.6100000143051147,1.6799999475479126,118500
2024-07-29,1.5700000524520874,1.7200000286102295,1.5199999809265137,1.6799999475479126,131000
2024-07-30,1.5199999809265137,1.6100000143051147,1.440000057220459,1.6100000143051147,124900
2024-07-31,1.5399999618530271,1.5399999618530271,1.3300000429153442,1.3899999856948853,106600
2024-08-01,1.5399999618530271,1.590000033378601,1.4800000190734863,1.5399999618530271,137000
2024-08-02,1.465000033378601,1.5,1.3799999952316284,1.4600000381469729,93500
2024-08-05,1.3700000047683716,1.3899999856948853,1.3200000524520874,1.350000023841858,74200
2024-08-06,1.350000023841858,1.3799999952316284,1.309999942779541,1.350000023841858,48500
2024-08-07,1.2300000190734863,1.350000023841858,1.2000000476837158,1.350000023841858,54800
2024-08-08,1.2599999904632568,1.3700000047683716,1.2000000476837158,1.2899999618530271,86100
2024-08-09,1.3899999856948853,1.3899999856948853,1.2400000095367432,1.2599999904632568,69600
2024-08-12,1.3700000047683716,1.4800000190734863,1.340000033378601,1.4500000476837158,119700
2024-08-13,1.559999942779541,1.5789999961853027,1.350000023841858,1.3799999952316284,83900
2024-08-14,1.399999976158142,1.590000033378601,1.3799999952316284,1.5499999523162842,116300
2024-08-15,1.409999966621399,1.4299999475479126,1.3899999856948853,1.409999966621399,39400
2024-08-16,1.3899999856948853,1.4500000476837158,1.3799999952316284,1.409999966621399,47300
2024-08-19,1.4800000190734863,1.565000057220459,1.35099995136261,1.4700000286102295,183200
2024-08-20,1.409999966621399,1.4800000190734863,1.399999976158142,1.4500000476837158,50700
2024-08-21,1.4199999570846558,1.4299999475479126,1.3700000047683716,1.399999976158142,28600
2024-08-22,1.6299999952316284,1.7200000286102295,1.4199999570846558,1.4700000286102295,164400
2024-08-23,1.7899999618530271,1.7999999523162842,1.5800000429153442,1.600000023841858,136000
2024-08-26,2.220000028610229,2.3299999237060547,1.7899999618530271,1.820000052452088,875900
2024-08-27,2.259999990463257,2.470000028610229,2.0999999046325684,2.2300000190734863,399100
2024-08-28,2.369999885559082,2.4100000858306885,2.180000066757202,2.220000028610229,270700
2024-08-29,2.6600000858306885,2.690000057220459,2.2300000190734863,2.369999885559082,477500
2024-08-30,2.119999885559082,2.650000095367432,1.919999957084656,2.650000095367432,403300
2024-09-03,1.9299999475479128,2.119999885559082,1.820000052452088,2.0799999237060547,145400
2024-09-04,1.820000052452088,2.049000024795532,1.7699999809265137,2.0,161800
2024-09-05,1.899999976158142,1.9589999914169312,1.7699999809265137,1.7999999523162842,53300
2024-09-06,1.7699999809265137,1.9739999771118164,1.7699999809265137,1.940000057220459,61200
2024-09-09,1.440000057220459,1.830000042915344,1.340000033378601,1.7400000095367432,236100
2024-09-10,1.475000023841858,1.559000015258789,1.4600000381469729,1.4600000381469729,79600
2024-09-11,1.4149999618530271,1.4900000095367432,1.3200000524520874,1.4700000286102295,116600
2024-09-12,1.5149999856948853,1.5470000505447388,1.4299999475479126,1.4299999475479126,49500
2024-09-13,1.440000057220459,1.590000033378601,1.4199999570846558,1.559999942779541,74100
2024-09-16,1.4700000286102295,1.4700000286102295,1.4199999570846558,1.4299999475479126,29800
2024-09-17,1.3600000143051147,1.5099999904632568,1.3300000429153442,1.4800000190734863,78800
2024-09-18,1.3600000143051147,1.4329999685287476,1.340000033378601,1.3899999856948853,49700
2024-09-19,1.3600000143051147,1.4199999570846558,1.3300000429153442,1.4199999570846558,57600
2024-09-20,1.3300000429153442,1.409999966621399,1.3300000429153442,1.340000033378601,242300
2024-09-23,1.350000023841858,1.4249999523162842,1.3300000429153442,1.3899999856948853,90800
2024-09-24,1.409999966621399,1.4199999570846558,1.309999942779541,1.350000023841858,72700
2024-09-25,1.3700000047683716,1.4600000381469729,1.3700000047683716,1.3899999856948853,70200
2024-09-26,1.2999999523162842,1.4199999570846558,1.2599999904632568,1.409999966621399,188000
2024-09-27,1.2699999809265137,1.3300000429153442,1.2100000381469729,1.2999999523162842,146500
2024-09-30,1.190000057220459,1.309999942779541,1.1399999856948853,1.25,77200
2024-10-01,1.0099999904632568,1.2000000476837158,1.0,1.1799999475479126,208300
2024-10-02,1.059999942779541,1.0700000524520874,0.906000018119812,1.0099999904632568,188000
2024-10-03,0.9869999885559082,1.0709999799728394,0.9789999723434448,1.0399999618530271,79900
2024-10-04,0.944000005722046,1.034000039100647,0.9200000166893004,0.9900000095367432,79100
2024-10-07,0.8999999761581421,0.984000027179718,0.8769999742507935,0.9449999928474426,59600
2024-10-08,0.8999999761581421,1.0099999904632568,0.8899999856948853,0.8999999761581421,109400
2024-10-09,0.8999999761581421,0.9399999976158142,0.8809999823570251,0.9300000071525574,40000
2024-10-10,0.8849999904632568,0.9399999976158142,0.8500000238418579,0.8949999809265137,25400
2024-10-11,0.8999999761581421,0.9390000104904176,0.8980000019073486,0.902999997138977,25800
2024-10-14,0.8999999761581421,0.915000021457672,0.8629999756813049,0.8640000224113464,38400
2024-10-15,0.8230000138282776,0.8999999761581421,0.8119999766349792,0.8740000128746033,83500
2024-10-16,0.8489999771118164,0.8500000238418579,0.800000011920929,0.8429999947547913,45600
2024-10-17,0.8109999895095825,0.8899999856948853,0.8009999990463257,0.8899999856948853,36100
2024-10-18,0.8999999761581421,0.9629999995231628,0.8199999928474426,0.8299999833106995,352900
2024-10-21,0.8999999761581421,0.9580000042915344,0.878000020980835,0.9300000071525574,152800
2024-10-22,0.8700000047683716,0.9319999814033508,0.8399999737739563,0.8999999761581421,92200
2024-10-23,0.8920000195503235,0.9229999780654908,0.8330000042915344,0.8539999723434448,30800
2024-10-24,0.8980000019073486,0.9259999990463256,0.8650000095367432,0.915000021457672,332800
2024-10-25,0.8880000114440918,0.9190000295639038,0.878000020980835,0.902999997138977,36600
2024-10-28,1.0299999713897705,1.059999942779541,0.8999999761581421,0.8999999761581421,179100
2024-10-29,0.9869999885559082,1.034999966621399,0.959999978542328,1.0,82400
2024-10-30,1.0199999809265137,1.0499999523162842,0.9900000095367432,1.0,72600
2024-10-31,0.9800000190734864,1.0299999713897705,0.959999978542328,1.0199999809265137,45500
2024-11-01,0.9700000286102296,1.0499999523162842,0.9700000286102296,1.0499999523162842,24400
2024-11-04,1.0,1.0199999809265137,0.968999981880188,0.9700000286102296,66300
2024-11-05,0.9739999771118164,0.996999979019165,0.915000021457672,0.9800000190734864,81700
2024-11-06,1.0099999904632568,1.0169999599456787,0.9300000071525574,0.9639999866485596,54400
2024-11-07,0.9789999723434448,1.0099999904632568,0.949999988079071,0.9800000190734864,44500
2024-11-08,0.9079999923706056,0.9800000190734864,0.8790000081062317,0.959999978542328,65600
2024-11-11,0.8029999732971191,0.9480000138282776,0.7900000214576721,0.9139999747276306,162300
2024-11-12,0.8650000095367432,0.871999979019165,0.7699999809265137,0.7699999809265137,121600
2024-11-13,0.843999981880188,0.9279999732971193,0.7919999957084656,0.8700000047683716,70700
2024-11-14,0.8100000023841858,0.8960000276565552,0.7099999785423279,0.8289999961853027,117300
2024-11-15,0.800000011920929,0.8799999952316284,0.7739999890327454,0.8399999737739563,81200
2024-11-18,0.800000011920929,0.8339999914169312,0.75,0.800000011920929,25300
2024-11-19,0.800000011920929,0.8109999895095825,0.7699999809265137,0.7770000100135803,32800
2024-11-20,0.7799999713897705,0.8500000238418579,0.7599999904632568,0.8500000238418579,105900
2024-11-21,0.8399999737739563,0.8420000076293945,0.7699999809265137,0.7900000214576721,38000
2024-11-22,0.8320000171661377,0.8500000238418579,0.800000011920929,0.8420000076293945,35300
2024-11-25,1.0,1.059999942779541,0.8650000095367432,0.8899999856948853,315300
2024-11-26,0.9940000176429749,1.090000033378601,0.9509999752044678,1.0800000429153442,121200
2024-11-27,1.0399999618530271,1.0700000524520874,0.9940000176429749,0.9940000176429749,188800
2024-11-29,1.0700000524520874,1.0700000524520874,0.9900000095367432,1.0399999618530271,128800
2024-12-02,1.2999999523162842,1.4900000095367432,1.0399999618530271,1.090000033378601,426500
2024-12-03,1.2999999523162842,1.4800000190734863,1.25,1.309999942779541,408700
2024-12-04,1.309999942779541,1.3919999599456787,1.2100000381469729,1.2599999904632568,205000
2024-12-05,1.3600000143051147,1.5199999809265137,1.2050000429153442,1.2799999713897705,464200
2024-12-06,1.600000023841858,1.9299999475479128,1.25,1.3799999952316284,1439700
2024-12-09,1.649999976158142,1.7990000247955322,1.5049999952316284,1.690000057220459,572500
2024-12-10,2.5999999046325684,2.6700000762939453,1.444000005722046,1.5700000524520874,3422100
2024-12-11,2.450000047683716,2.869999885559082,2.2799999713897705,2.5999999046325684,1165200
2024-12-12,1.7000000476837158,2.380000114440918,1.7000000476837158,2.359999895095825,740900
2024-12-13,1.7799999713897705,2.220000028610229,1.684999942779541,1.909999966621399,627500
2024-12-16,1.25,1.340000033378601,1.1799999475479126,1.2200000286102295,2497500
2024-12-17,1.3600000143051147,1.4900000095367432,1.2000000476837158,1.2000000476837158,898300
2024-12-18,1.5199999809265137,1.690000057220459,1.399999976158142,1.4500000476837158,1552400
2024-12-19,2.049999952316284,2.380000114440918,1.559999942779541,1.559999942779541,3368100
2024-12-20,2.4600000381469727,2.5,1.7400000095367432,2.039999961853028,4270000
2024-12-23,2.4600000381469727,2.640000104904175,2.0999999046325684,2.5199999809265137,809100
2024-12-24,2.539999961853028,2.618000030517578,2.319999933242798,2.450000047683716,269100
2024-12-26,2.490000009536743,2.5299999713897705,2.289999961853028,2.5299999713897705,484800
2024-12-27,2.140000104904175,2.5999999046325684,1.940000057220459,2.400000095367432,548300
2024-12-30,2.200000047683716,2.259999990463257,1.820000052452088,2.0999999046325684,375700
2024-12-31,2.180000066757202,2.309999942779541,1.9700000286102293,2.180000066757202,221400
2025-01-02,2.490000009536743,2.565000057220459,2.109999895095825,2.220000028610229,530900
2025-01-03,2.490000009536743,2.990000009536743,2.4600000381469727,2.5999999046325684,1638000
2025-01-06,2.2799999713897705,2.549999952316284,2.200000047683716,2.5,653200
2025-01-07,2.0199999809265137,2.5299999713897705,1.975000023841858,2.3399999141693115,491800
2025-01-08,1.8600000143051147,2.049999952316284,1.784000039100647,1.950000047683716,413700
2025-01-10,1.7100000381469729,1.8600000143051147,1.6349999904632568,1.820000052452088,274100
2025-01-13,1.4500000476837158,1.7599999904632568,1.409999966621399,1.7200000286102295,342300
2025-01-14,1.4900000095367432,1.5640000104904177,1.3200000524520874,1.440000057220459,235300
2025-01-15,1.5700000524520874,1.5700000524520874,1.4800000190734863,1.5700000524520874,169400
2025-01-16,1.5700000524520874,1.6200000047683716,1.475000023841858,1.5499999523162842,169900
2025-01-17,1.5199999809265137,1.590000033378601,1.409999966621399,1.590000033378601,196100
2025-01-21,1.7200000286102295,1.7300000190734863,1.4160000085830688,1.5299999713897705,346400
2025-01-22,1.9600000381469729,2.059999942779541,1.6950000524520874,1.7300000190734863,494200
2025-01-23,1.7699999809265137,2.0299999713897705,1.75,1.9299999475479128,222900
2025-01-24,1.6549999713897705,1.7999999523162842,1.649999976158142,1.75,105500
2025-01-27,1.534999966621399,1.625,1.4600000381469729,1.5800000429153442,234800
2025-01-28,1.600000023841858,1.6799999475479126,1.4500000476837158,1.4800000190734863,507800
2025-01-29,1.4850000143051147,1.5800000429153442,1.4199999570846558,1.5700000524520874,162200
2025-01-30,1.4700000286102295,1.5499999523162842,1.4500000476837158,1.5099999904632568,128900
2025-01-31,1.440000057220459,1.5800000429153442,1.440000057220459,1.4800000190734863,158400
2025-02-03,1.3200000524520874,1.4529999494552612,1.2799999713897705,1.399999976158142,123700
2025-02-04,1.465000033378601,1.5499999523162842,1.3229999542236328,1.3700000047683716,222900
2025-02-05,1.3300000429153442,1.4900000095367432,1.2999999523162842,1.4600000381469729,252000
2025-02-06,1.2050000429153442,1.3300000429153442,1.1699999570846558,1.3300000429153442,225400
2025-02-07,1.25,1.2899999618530271,1.2230000495910645,1.2400000095367432,79300
2025-02-10,1.190000057220459,1.25,1.125,1.25,245600
2025-02-11,1.2899999618530271,1.2999999523162842,1.190999984741211,1.2000000476837158,236600
2025-02-12,1.2899999618530271,1.3799999952316284,1.2510000467300415,1.2899999618530271,317800
2025-02-13,1.4900000095367432,1.5,1.2599999904632568,1.2999999523162842,246500
2025-02-14,1.3799999952316284,1.5700000524520874,1.3300000429153442,1.5499999523162842,174300
2025-02-18,1.159999966621399,1.434000015258789,1.125,1.399999976158142,240000
2025-02-19,1.1699999570846558,1.2599999904632568,1.159999966621399,1.2599999904632568,145800
2025-02-20,1.1200000047683716,1.25,1.065000057220459,1.1799999475479126,355800
2025-02-21,1.090000033378601,1.190000057220459,1.0800000429153442,1.149999976158142,180500
2025-02-24,1.090000033378601,1.2000000476837158,1.0700000524520874,1.159999966621399,135800
2025-02-25,1.0800000429153442,1.159999966621399,1.059999942779541,1.100000023841858,163600
2025-02-26,1.059999942779541,1.1299999952316284,1.059999942779541,1.059999942779541,114900
2025-02-27,0.9660000205039978,1.1050000190734863,0.953000009059906,1.0800000429153442,206400
2025-02-28,1.225000023841858,1.2400000095367432,0.9760000109672546,0.9800000190734864,271400
2025-03-03,1.2000000476837158,1.2649999856948853,1.090000033378601,1.2300000190734863,196200
2025-03-04,1.1449999809265137,1.2100000381469729,1.0,1.1399999856948853,171000
2025-03-05,1.1399999856948853,1.2000000476837158,1.1200000047683716,1.1200000047683716,79300
2025-03-06,1.0399999618530271,1.159999966621399,1.0099999904632568,1.1299999952316284,124800
2025-03-07,1.0199999809265137,1.0770000219345093,1.0,1.0399999618530271,127300
2025-03-10,0.9700000286102296,1.0449999570846558,0.9700000286102296,1.0399999618530271,112600
2025-03-11,1.059999942779541,1.1050000190734863,0.9800000190734864,0.9800000190734864,149700
2025-03-12,1.0399999618530271,1.100000023841858,1.0049999952316284,1.090000033378601,107100
2025-03-13,0.9300000071525574,1.0499999523162842,0.9300000071525574,1.0499999523162842,147000
2025-03-14,0.9629999995231628,0.9950000047683716,0.9210000038146972,0.9570000171661376,150900
2025-03-17,1.0700000524520874,1.1200000047683716,0.9629999995231628,0.9900000095367432,201100
2025-03-18,1.1399999856948853,1.2050000429153442,0.9700000286102296,1.0499999523162842,334300
2025-03-19,1.1299999952316284,1.2000000476837158,1.0700000524520874,1.1200000047683716,166100
2025-03-20,1.1200000047683716,1.190000057220459,1.0700000524520874,1.1299999952316284,129100
2025-03-21,1.1399999856948853,1.149999976158142,1.0700000524520874,1.1100000143051147,411900
2025-03-24,1.1299999952316284,1.1699999570846558,1.0700000524520874,1.1699999570846558,115800
2025-03-25,1.0700000524520874,1.1399999856948853,1.0299999713897705,1.1399999856948853,91200
2025-03-26,1.0,1.0700000524520874,0.9739999771118164,1.0499999523162842,70700
2025-03-27,1.0499999523162842,1.1100000143051147,1.0,1.0199999809265137,151700
2025-03-28,0.9649999737739564,1.0800000429153442,0.959999978542328,1.0499999523162842,104800
2025-03-31,1.0399999618530271,1.1200000047683716,0.99099999666214,1.0299999713897705,215800
2025-04-01,1.1799999475479126,1.1799999475479126,1.0299999713897705,1.0299999713897705,94600
2025-04-02,1.2599999904632568,1.3799999952316284,1.1299999952316284,1.2100000381469729,304300
2025-04-03,1.159999966621399,1.2100000381469729,1.1399999856948853,1.149999976158142,489700
2025-04-04,1.149999976158142,1.159999966621399,1.0720000267028809,1.090000033378601,198300
2025-04-07,1.159999966621399,1.2599999904632568,0.8799999952316284,1.0,224500
2025-04-08,1.090000033378601,1.2200000286102295,1.059999942779541,1.1699999570846558,185400
2025-04-09,1.2599999904632568,1.350000023841858,1.0499999523162842,1.1100000143051147,275000
2025-04-10,1.1399999856948853,1.2100000381469729,1.1100000143051147,1.2000000476837158,152800
2025-04-11,1.309999942779541,1.3200000524520874,1.1699999570846558,1.1699999570846558,213600
2025-04-14,1.1649999618530271,1.3899999856948853,1.159999966621399,1.3899999856948853,226900
2025-04-15,1.1050000190734863,1.2400000095367432,1.100000023841858,1.2400000095367432,167700
2025-04-16,0.9919999837875366,1.100000023841858,0.9900000095367432,1.100000023841858,268200
2025-04-17,1.0700000524520874,1.1399999856948853,1.0,1.0,166300
2025-04-21,0.9769999980926514,1.065000057220459,0.9629999995231628,1.0399999618530271,205700
2025-04-22,0.8529999852180481,1.0,0.8500000238418579,0.949999988079071,360300
2025-04-23,0.8690000176429749,0.9240000247955322,0.8309999704360962,0.8619999885559082,244200
2025-04-24,0.8830000162124634,0.9459999799728394,0.7900000214576721,0.8790000081062317,294700
2025-04-25,0.9110000133514404,0.9430000185966492,0.8199999928474426,0.8669999837875366,313100
2025-04-28,0.8330000042915344,0.975000023841858,0.8009999990463257,0.975000023841858,250500
2025-04-29,0.8650000095367432,0.9049999713897704,0.8199999928474426,0.8790000081062317,188300
2025-04-30,0.9670000076293944,1.0099999904632568,0.8100000023841858,0.8980000019073486,367800
2025-05-01,0.9330000281333924,0.9800000190734864,0.8799999952316284,0.9800000190734864,195400
2025-05-02,0.8799999952316284,0.949999988079071,0.8799999952316284,0.9350000023841858,120000
2025-05-05,0.7770000100135803,0.9049999713897704,0.75,0.8899999856948853,419900
2025-05-06,0.7649999856948853,0.8080000281333923,0.7599999904632568,0.7799999713897705,196500
2025-05-07,0.6940000057220459,0.800000011920929,0.6800000071525574,0.7799999713897705,254200
2025-05-08,0.7680000066757202,0.7900000214576721,0.6899999976158142,0.7160000205039978,189400
2025-05-09,0.7910000085830688,0.859000027179718,0.7549999952316284,0.7760000228881836,217700
2025-05-12,0.7789999842643738,0.8500000238418579,0.7710000276565552,0.8500000238418579,249400
2025-05-13,0.8090000152587891,0.8299999833106995,0.7620000243186951,0.7960000038146973,156400
2025-05-14,0.8629999756813049,0.8899999856948853,0.8050000071525574,0.8500000238418579,185700
2025-05-15,0.9520000219345092,1.0299999713897705,0.8140000104904175,0.8410000205039978,379400
2025-05-16,1.1299999952316284,1.1699999570846558,0.9120000004768372,0.9399999976158142,813800
2025-05-19,1.2699999809265137,1.3250000476837158,1.0499999523162842,1.1200000047683716,594200
2025-05-20,1.090000033378601,1.3200000524520874,1.0700000524520874,1.2699999809265137,381600
2025-05-21,0.8700000047683716,1.1109999418258667,0.8299999833106995,1.1100000143051147,680900
2025-05-22,0.9369999766349792,0.9810000061988832,0.8799999952316284,0.8799999952316284,294000
2025-05-23,0.9340000152587892,0.9800000190734864,0.871999979019165,0.9589999914169312,170700
2025-05-27,1.0099999904632568,1.0499999523162842,0.8759999871253967,0.9409999847412108,415700
2025-05-28,1.0199999809265137,1.1799999475479126,1.0099999904632568,1.0700000524520874,437800
2025-05-29,0.9829999804496764,1.065000057220459,0.9380000233650208,1.0499999523162842,155400
2025-05-30,0.984000027179718,1.0399999618530271,0.9300000071525574,0.9700000286102296,133200
2025-06-02,1.149999976158142,1.1799999475479126,0.930999994277954,0.9700000286102296,456900
2025-06-03,1.1100000143051147,1.2000000476837158,1.0950000286102295,1.1399999856948853,361800
2025-06-04,1.0399999618530271,1.1100000143051147,1.0,1.090000033378601,260300
2025-06-05,0.9850000143051147,1.133999943733215,0.959999978542328,1.0299999713897705,478200
2025-06-06,1.0399999618530271,1.0499999523162842,0.9850000143051147,1.0299999713897705,249600
2025-06-09,1.0199999809265137,1.059999942779541,1.0099999904632568,1.0399999618530271,123600
2025-06-10,0.959999978542328,1.0219999551773071,0.9399999976158142,1.0099999904632568,322300
2025-06-11,0.9390000104904176,1.024999976158142,0.9100000262260436,1.0,220100
2025-06-12,0.9210000038146972,0.9480000138282776,0.8930000066757202,0.9200000166893004,135600
2025-06-13,1.0199999809265137,1.0700000524520874,0.8899999856948853,0.9210000038146972,465400
2025-06-16,1.190000057220459,1.190000057220459,0.9660000205039978,0.9900000095367432,496400
2025-06-17,1.0499999523162842,1.2000000476837158,1.0499999523162842,1.2000000476837158,316800
2025-06-18,1.059999942779541,1.0800000429153442,1.0099999904632568,1.0499999523162842,159000
2025-06-20,0.9789999723434448,1.0800000429153442,0.9700000286102296,1.059999942779541,448800
2025-06-23,1.0199999809265137,1.0499999523162842,0.9200000166893004,0.9700000286102296,358400
2025-06-24,1.0399999618530271,1.1150000095367432,1.0099999904632568,1.0399999618530271,465600
2025-06-25,1.0199999809265137,1.0700000524520874,1.0,1.0299999713897705,360900
2025-06-26,1.059999942779541,1.1399999856948853,1.0199999809265137,1.0700000524520874,540300
2025-06-27,1.090000033378601,1.2200000286102295,1.059999942779541,1.100000023841858,5095000
2025-06-30,0.9800000190734864,1.100000023841858,0.9800000190734864,1.090000033378601,1947700
2025-07-01,0.9860000014305116,1.034999966621399,0.949999988079071,0.949999988079071,484400
2025-07-02,1.0399999618530271,1.0789999961853027,0.9869999885559082,1.0099999904632568,851400
2025-07-03,1.0499999523162842,1.090000033378601,1.0399999618530271,1.059999942779541,240100
2025-07-07,1.0099999904632568,1.0499999523162842,0.984000027179718,1.0499999523162842,294200
2025-07-08,1.0499999523162842,1.0499999523162842,0.9860000014305116,1.0,316800
2025-07-09,1.0399999618530271,1.0700000524520874,1.0210000276565552,1.0499999523162842,314300
2025-07-10,1.0399999618530271,1.059999942779541,1.0099999904632568,1.0299999713897705,117800
2025-07-11,1.0,1.059999942779541,1.0,1.0299999713897705,155800
2025-07-14,0.953000009059906,1.0099999904632568,0.9399999976158142,1.0099999904632568,538800
2025-07-15,0.9580000042915344,1.0199999809265137,0.9470000267028807,0.9900000095367432,165700
2025-07-16,1.0399999618530271,1.0399999618530271,0.949999988079071,0.9800000190734864,276100
2025-07-17,1.0499999523162842,1.1100000143051147,1.0399999618530271,1.0499999523162842,536100
2025-07-18,1.0700000524520874,1.100000023841858,1.0399999618530271,1.0499999523162842,180200
2025-07-21,1.0700000524520874,1.1399999856948853,1.0499999523162842,1.0800000429153442,355700
2025-07-22,1.0700000524520874,1.1100000143051147,1.0399999618530271,1.0700000524520874,148100
2025-07-23,1.0399999618530271,1.10099995136261,1.0299999713897705,1.0700000524520874,357700
2025-07-24,1.2400000095367432,1.2899999618530271,1.059999942779541,1.059999942779541,1233300
2025-07-25,1.5299999713897705,1.5449999570846558,1.2000000476837158,1.2699999809265137,1705100
2025-07-28,1.2899999618530271,1.399999976158142,1.190000057220459,1.399999976158142,1424300
2025-07-29,1.1799999475479126,1.2929999828338623,1.1399999856948853,1.2400000095367432,328900
2025-07-30,1.2799999713897705,1.2999999523162842,1.190000057220459,1.2200000286102295,413100
2025-07-31,1.2599999904632568,1.2999999523162842,1.225000023841858,1.2799999713897705,256700
2025-08-01,1.1200000047683716,1.2599999904632568,1.1100000143051147,1.2599999904632568,391000
2025-08-04,1.1100000143051147,1.159000039100647,1.0800000429153442,1.1200000047683716,314600
2025-08-05,1.1699999570846558,1.1829999685287476,1.100000023841858,1.1399999856948853,247500
2025-08-06,1.190000057220459,1.2300000190734863,1.159999966621399,1.1799999475479126,164400
2025-08-07,1.2100000381469729,1.2300000190734863,1.159999966621399,1.2100000381469729,278000
2025-08-08,1.2000000476837158,1.2300000190734863,1.1799999475479126,1.2300000190734863,132100
2025-08-11,1.1799999475479126,1.2300000190734863,1.1549999713897705,1.2100000381469729,223200
2025-08-12,1.190000057220459,1.2130000591278076,1.149999976158142,1.190000057220459,226700
2025-08-13,1.159999966621399,1.2000000476837158,1.1200000047683716,1.190000057220459,328800
2025-08-14,1.0499999523162842,1.2000000476837158,1.0299999713897705,1.1699999570846558,1014100
2025-08-15,1.0,1.090000033378601,1.0,1.059999942779541,449200
2025-08-18,1.1299999952316284,1.1699999570846558,0.9950000047683716,1.0099999904632568,694300
2025-08-19,1.0399999618530271,1.1399999856948853,1.0399999618530271,1.1399999856948853,339600
2025-08-20,1.0399999618530271,1.0700000524520874,1.0199999809265137,1.0399999618530271,165700
2025-08-21,1.0199999809265137,1.065999984741211,1.0099999904632568,1.0399999618530271,256700
2025-08-22,1.0299999713897705,1.0700000524520874,1.0,1.0099999904632568,240400
2025-08-25,1.0099999904632568,1.059999942779541,1.0,1.0199999809265137,193300
2025-08-26,1.0,1.059999942779541,0.9850000143051147,1.0199999809265137,142000
2025-08-27,0.9900000095367432,1.0190000534057615,0.9549999833106996,1.0099999904632568,179100
2025-08-28,0.984000027179718,0.9980000257492064,0.9710000157356262,0.9980000257492064,121400
2025-08-29,0.9789999723434448,1.0299999713897705,0.9700000286102296,0.996999979019165,204700
2025-09-02,0.9559999704360962,1.0,0.9350000023841858,1.0,187700
2025-09-03,0.949999988079071,0.9879999756813048,0.8999999761581421,0.9419999718666076,262800
2025-09-04,0.949999988079071,0.9879999756813048,0.9110000133514404,0.944000005722046,105700
2025-09-05,0.977999985218048,1.0,0.949999988079071,0.949999988079071,104900
2025-09-08,0.9380000233650208,0.9800000190734864,0.921999990940094,0.9800000190734864,151200
2025-09-09,0.9869999885559082,0.9900000095367432,0.9380000233650208,0.9900000095367432,129100
2025-09-10,0.9800000190734864,1.0,0.959999978542328,1.0,156000
2025-09-11,0.9800000190734864,0.9900000095367432,0.9300000071525574,0.9850000143051147,129900
2025-09-12,0.9890000224113464,0.9990000128746032,0.9520000219345092,0.9990000128746032,121800
2025-09-15,0.9559999704360962,1.0,0.9520000219345092,1.0,184400
2025-09-16,0.9700000286102296,0.9900000095367432,0.9399999976158142,0.9670000076293944,164100
2025-09-17,0.949999988079071,1.0,0.9350000023841858,1.0,221900
2025-09-18,0.9660000205039978,0.9670000076293944,0.9200000166893004,0.9629999995231628,155600
2025-09-19,0.9190000295639038,0.9850000143051147,0.9100000262260436,0.984000027179718,393100
2025-09-22,0.9399999976158142,0.9629999995231628,0.8999999761581421,0.9190000295639038,464500
2025-09-23,0.9210000038146972,0.9409999847412108,0.8899999856948853,0.9300000071525574,444300
2025-09-24,0.9079999923706056,0.9480000138282776,0.875,0.9300000071525574,471800
2025-09-25,0.8619999885559082,0.9300000071525574,0.8299999833106995,0.8989999890327454,354500
2025-09-26,0.8820000290870667,0.8899999856948853,0.8299999833106995,0.8610000014305115,313000
2025-09-29,0.8330000042915344,0.878000020980835,0.8109999895095825,0.8700000047683716,376500
2025-09-30,0.8640000224113464,0.8899999856948853,0.8199999928474426,0.8489999771118164,175100
2025-10-01,0.8690000176429749,0.8970000147819519,0.8600000143051147,0.8889999985694885,159600
2025-10-02,0.8989999890327454,0.9100000262260436,0.8640000224113464,0.8640000224113464,161100
2025-10-03,1.0299999713897705,1.059999942779541,0.9169999957084656,0.9169999957084656,754100
2025-10-06,1.0499999523162842,1.0700000524520874,0.9710000157356262,1.0099999904632568,843500
2025-10-07,1.2000000476837158,1.2200000286102295,1.0399999618530271,1.0700000524520874,1107300
2025-10-08,1.340000033378601,1.3450000286102295,1.190000057220459,1.2400000095367432,863900
2025-10-09,1.3200000524520874,1.3200000524520874,1.2000000476837158,1.3200000524520874,562800
2025-10-10,1.2200000286102295,1.3450000286102295,1.2000000476837158,1.3200000524520874,430500
2025-10-13,1.1299999952316284,1.190000057220459,1.1100000143051147,1.1799999475479126,237900
2025-10-14,1.3600000143051147,1.3949999809265137,1.100000023841858,1.1100000143051147,1993600
2025-10-15,1.3799999952316284,1.5099999904632568,1.340000033378601,1.5,1202500
2025-10-16,1.2799999713897705,1.4429999589920044,1.2699999809265137,1.4199999570846558,692600
2025-10-17,1.3200000524520874,1.340000033378601,1.2400000095367432,1.2599999904632568,374800
2025-10-20,1.4600000381469729,1.5,1.3049999475479126,1.3300000429153442,626000
2025-10-21,1.2899999618530271,1.4800000190734863,1.2899999618530271,1.4500000476837158,480300
2025-10-22,1.2400000095367432,1.350000023841858,1.149999976158142,1.25,301700
2025-10-23,1.3799999952316284,1.4199999570846558,1.2599999904632568,1.2699999809265137,334100
2025-10-24,1.3899999856948853,1.4149999618530271,1.3600000143051147,1.399999976158142,174200
2025-10-27,1.399999976158142,1.4240000247955322,1.375,1.399999976158142,208000
2025-10-28,1.3799999952316284,1.4199999570846558,1.3650000095367432,1.3899999856948853,235500
2025-10-29,1.6699999570846558,1.7100000381469729,1.3650000095367432,1.3700000047683716,3694900
2025-10-30,1.7000000476837158,1.7999999523162842,1.5299999713897705,1.6299999952316284,912900
2025-10-31,1.7100000381469729,1.950000047683716,1.690000057220459,1.830000042915344,1022800
2025-11-03,1.5099999904632568,1.7400000095367432,1.4600000381469729,1.7100000381469729,770900
2025-11-04,1.5299999713897705,1.5700000524520874,1.440000057220459,1.440000057220459,405500
2025-11-05,1.5099999904632568,1.600000023841858,1.4500000476837158,1.5199999809265137,273600
2025-11-06,1.4500000476837158,1.565000057220459,1.409999966621399,1.5099999904632568,197700
2025-11-07,1.5099999904632568,1.5199999809265137,1.2699999809265137,1.4299999475479126,727200
2025-11-10,1.5099999904632568,1.5850000381469729,1.3700000047683716,1.4900000095367432,519300
2025-11-11,1.5099999904632568,1.5399999618530271,1.4299999475479126,1.5099999904632568,122000
2025-11-12,1.409999966621399,1.5700000524520874,1.3880000114440918,1.5199999809265137,189400
2025-11-13,1.350000023841858,1.440000057220459,1.3200000524520874,1.409999966621399,77700
2025-11-14,1.3799999952316284,1.5,1.3650000095367432,1.4199999570846558,257700
2025-11-17,1.350000023841858,1.4199999570846558,1.2999999523162842,1.4199999570846558,136900
2025-11-18,1.3799999952316284,1.399999976158142,1.309999942779541,1.309999942779541,79100
2025-11-19,1.3600000143051147,1.440000057220459,1.3350000381469729,1.3899999856948853,104300
2025-11-20,1.309999942779541,1.4299999475479126,1.309999942779541,1.3700000047683716,129900
2025-11-21,1.4900000095367432,1.5,1.2999999523162842,1.2999999523162842,242900
2025-11-24,1.5299999713897705,1.590000033378601,1.4199999570846558,1.4600000381469729,633200
2025-11-25,1.690000057220459,1.7400000095367432,1.25,1.5499999523162842,450600
2025-11-26,1.7200000286102295,1.75,1.6399999856948853,1.659999966621399,191400
2025-11-28,1.7400000095367432,1.75,1.6699999570846558,1.7100000381469729,75200
2025-12-01,1.6399999856948853,1.7100000381469729,1.6299999952316284,1.6799999475479126,89400
2025-12-02,1.649999976158142,1.7230000495910645,1.6100000143051147,1.6100000143051147,124800
2025-12-03,1.6799999475479126,1.6799999475479126,1.6100000143051147,1.659999966621399,62200
2025-12-04,1.6799999475479126,1.7200000286102295,1.6299999952316284,1.6699999570846558,120200
2025-12-05,1.649999976158142,1.7100000381469729,1.5099999904632568,1.7100000381469729,202700
2025-12-08,1.6699999570846558,1.6699999570846558,1.600000023841858,1.6399999856948853,79400
2025-12-09,1.659999966621399,1.6950000524520874,1.6200000047683716,1.6399999856948853,59900
2025-12-10,1.6799999475479126,1.6950000524520874,1.6299999952316284,1.659999966621399,70200
2025-12-11,1.6399999856948853,1.659999966621399,1.5800000429153442,1.6399999856948853,58900
2025-12-12,1.7100000381469729,1.7300000190734863,1.6269999742507937,1.659999966621399,218700
2025-12-15,1.6799999475479126,1.7300000190734863,1.6799999475479126,1.7300000190734863,119600
2025-12-16,1.7000000476837158,1.7000000476837158,1.659999966621399,1.690000057220459,99200
2025-12-17,1.649999976158142,1.7100000381469729,1.6299999952316284,1.7000000476837158,59300
2025-12-18,1.6799999475479126,1.7000000476837158,1.6349999904632568,1.690000057220459,91000
2025-12-19,1.6699999570846558,1.7000000476837158,1.6200000047683716,1.6799999475479126,38200
2025-12-22,1.909999966621399,1.919999957084656,1.6699999570846558,1.6699999570846558,650800
2025-12-23,2.140000104904175,2.190000057220459,1.850000023841858,1.899999976158142,666700
2025-12-24,2.049999952316284,2.140000104904175,1.9800000190734863,2.140000104904175,139800
2025-12-26,2.049999952316284,2.0799999237060547,1.9800000190734863,2.049999952316284,109200
2025-12-29,2.009999990463257,2.049999952316284,1.8899999856948853,2.0299999713897705,164100
2025-12-30,2.319999933242798,2.388999938964844,1.9900000095367432,2.009999990463257,550700
2025-12-31,2.4100000858306885,2.559999942779541,2.226999998092652,2.3299999237060547,385400
2026-01-02,2.369999885559082,2.470000028610229,2.275000095367432,2.400000095367432,150100
2026-01-05,2.380000114440918,2.4200000762939453,2.2100000381469727,2.4200000762939453,285600
2026-01-06,2.3499999046325684,2.400000095367432,2.130000114440918,2.400000095367432,253700
2026-01-07,2.289999961853028,2.400000095367432,2.240000009536743,2.3399999141693115,111100
2026-01-08,2.25,2.380000114440918,2.220000028610229,2.289999961853028,169900
2026-01-09,2.190000057220459,2.299999952316284,2.130000114440918,2.25,328500
2026-01-12,2.069999933242798,2.255000114440918,2.062999963760376,2.200000047683716,191300
2026-01-13,1.9600000381469729,2.1700000762939453,1.850000023841858,2.0799999237060547,405300
2026-01-14,1.840000033378601,1.9479999542236328,1.7599999904632568,1.940000057220459,319800
2026-01-15,1.809999942779541,1.8899999856948853,1.7699999809265137,1.850000023841858,188200
2026-01-16,1.870000004768372,1.9600000381469729,1.820000052452088,1.820000052452088,152300
2026-01-20,1.840000033378601,1.950000047683716,1.8320000171661377,1.870000004768372,187200
2026-01-21,1.850000023841858,1.950000047683716,1.820000052452088,1.850000023841858,155500
2026-01-22,1.850000023841858,1.950000047683716,1.830000042915344,1.850000023841858,109100
2026-01-23,1.8799999952316284,1.9299999475479128,1.840000033378601,1.840000033378601,91900
2026-01-26,1.809999942779541,1.937999963760376,1.690000057220459,1.8799999952316284,355300
2026-01-27,1.7300000190734863,1.850000023841858,1.649999976158142,1.820000052452088,133500
2026-01-28,1.7450000047683716,1.7899999618530271,1.7029999494552612,1.7400000095367432,109800
2026-01-29,1.649999976158142,1.777999997138977,1.6399999856948853,1.75,190500
2026-01-30,1.840000033378601,1.850000023841858,1.6399999856948853,1.6399999856948853,308100
2026-02-02,1.7999999523162842,1.840000033378601,1.7699999809265137,1.830000042915344,99600
2026-02-03,1.7699999809265137,1.840000033378601,1.7200000286102295,1.830000042915344,55600
2026-02-04,1.690000057220459,1.7999999523162842,1.6799999475479126,1.7799999713897705,115600
2026-02-05,1.5199999809265137,1.6799999475479126,1.5199999809265137,1.6799999475479126,173200
2026-02-06,1.5700000524520874,1.600000023841858,1.5,1.5399999618530271,149900
2026-02-09,1.5299999713897705,1.618000030517578,1.5,1.5800000429153442,131800
2026-02-10,1.559999942779541,1.590000033378601,1.4570000171661377,1.5299999713897705,101900
2026-02-11,1.5099999904632568,1.559999942779541,1.440000057220459,1.559999942779541,126400
2026-02-12,1.4299999475479126,1.5399999618530271,1.4199999570846558,1.5399999618530271,129100
2026-02-13,1.1699999570846558,1.309999942779541,0.9900000095367432,1.2999999523162842,1089800
2026-02-17,1.1799999475479126,1.2649999856948853,1.1299999952316284,1.190000057220459,197900
2026-02-18,1.2899999618530271,1.4199999570846558,1.2000000476837158,1.2000000476837158,194000
2026-02-19,1.2899999618530271,1.3309999704360962,1.274999976158142,1.2799999713897705,72500
2026-02-20,1.3300000429153442,1.340000033378601,1.2799999713897705,1.2799999713897705,89500
2026-02-23,1.2799999713897705,1.340000033378601,1.187999963760376,1.340000033378601,171900
2026-02-24,1.309999942779541,1.3200000524520874,1.25,1.2899999618530271,41100
2026-02-25,1.350000023841858,1.4420000314712524,1.3049999475479126,1.3300000429153442,60900
2026-02-26,1.3600000143051147,1.4249999523162842,1.309999942779541,1.399999976158142,86300
2026-02-27,1.3600000143051147,1.440000057220459,1.2899999618530271,1.3899999856948853,97900
2026-03-02,1.3799999952316284,1.4700000286102295,1.2999999523162842,1.350000023841858,129600
2026-03-03,1.2899999618530271,1.4049999713897705,1.2899999618530271,1.3899999856948853,140800
2026-03-04,1.309999942779541,1.350000023841858,1.2999999523162842,1.309999942779541,103600
2026-03-05,1.3200000524520874,1.3300000429153442,1.2200000286102295,1.3300000429153442,209400
2026-03-06,1.2899999618530271,1.3300000429153442,1.2699999809265137,1.3200000524520874,77300
2026-03-09,1.2400000095367432,1.2799999713897705,1.2200000286102295,1.2599999904632568,94700
2026-03-10,1.2200000286102295,1.2899999618530271,1.2000000476837158,1.2400000095367432,45700
2026-03-11,1.2300000190734863,1.2599999904632568,1.2100000381469729,1.2200000286102295,36400
2026-03-12,1.121999979019165,1.2580000162124634,1.100000023841858,1.2200000286102295,259300
2026-03-13,1.1699999570846558,1.190000057220459,1.1200000047683716,1.1200000047683716,27500
2026-03-16,1.100000023841858,1.2000000476837158,1.100000023841858,1.159999966621399,74100
2026-03-17,1.1699999570846558,1.2000000476837158,1.1100000143051147,1.1200000047683716,88600
2026-03-18,1.149999976158142,1.190000057220459,1.1399999856948853,1.159999966621399,36900
2026-03-19,1.1699999570846558,1.2000000476837158,1.149999976158142,1.149999976158142,64400
2026-03-20,1.2000000476837158,1.2100000381469729,1.1699999570846558,1.1699999570846558,55000
2026-03-23,1.1200000047683716,1.2100000381469729,1.100000023841858,1.2000000476837158,117900
2026-03-24,1.090000033378601,1.1200000047683716,1.0299999713897705,1.1200000047683716,96300
2026-03-25,1.149999976158142,1.2000000476837158,1.034999966621399,1.100000023841858,153600
2026-03-26,1.149999976158142,1.149999976158142,1.121000051498413,1.149999976158142,18200
2026-03-27,1.0700000524520874,1.159999966621399,1.059999942779541,1.149999976158142,60300
2026-03-30,1.0700000524520874,1.1150000095367432,1.0549999475479126,1.0700000524520874,34300
2026-03-31,1.2000000476837158,1.2000000476837158,1.0700000524520874,1.1100000143051147,91800
2026-04-01,1.1799999475479126,1.2000000476837158,1.1200000047683716,1.2000000476837158,54400
2026-04-02,1.1299999952316284,1.159999966621399,1.1200000047683716,1.159999966621399,29100
2026-04-06,1.1399999856948853,1.1710000038146973,1.1299999952316284,1.1299999952316284,120700
2026-04-07,1.0700000524520874,1.1299999952316284,1.0700000524520874,1.1299999952316284,45100
2026-04-08,1.0800000429153442,1.1699999570846558,1.0700000524520874,1.159999966621399,43900
2026-04-09,1.100000023841858,1.100000023841858,1.0,1.0099999904632568,927100
2026-04-10,1.0499999523162842,1.1200000047683716,1.0499999523162842,1.1200000047683716,71500
2026-04-13,1.1299999952316284,1.1699999570846558,1.0399999618530271,1.059999942779541,92100
2026-04-14,1.2000000476837158,1.25,1.1100000143051147,1.1100000143051147,214200
2026-04-15,1.2000000476837158,1.2100000381469729,1.149999976158142,1.2100000381469729,61300
2026-04-16,1.1799999475479126,1.2000000476837158,1.1699999570846558,1.190000057220459,29000
2026-04-17,1.2000000476837158,1.2300000190734863,1.159999966621399,1.2000000476837158,93300
2026-04-20,1.2599999904632568,1.2799999713897705,1.1799999475479126,1.1799999475479126,165700
2026-04-21,1.1299999952316284,1.2699999809265137,1.1299999952316284,1.2599999904632568,129400
2026-04-22,1.2200000286102295,1.2300000190734863,1.159999966621399,1.159999966621399,135100
2026-04-23,1.409999966621399,1.5700000524520874,1.2300000190734863,1.2400000095367432,510000
2026-04-24,1.340000033378601,1.5,1.309999942779541,1.4900000095367432,179700
2026-04-27,1.4600000381469729,1.5499999523162842,1.3639999628067017,1.4199999570846558,260600
2026-04-28,1.4700000286102295,1.4900000095367432,1.350000023841858,1.4299999475479126,194900
2026-04-29,1.7200000286102295,1.7860000133514404,1.5700000524520874,1.6699999570846558,991200
2026-04-30,2.2699999809265137,2.2699999809265137,1.690000057220459,1.7100000381469729,1721800
2026-05-01,2.220000028610229,2.390000104904175,2.039999961853028,2.3499999046325684,1091000
2026-05-04,1.950000047683716,2.509999990463257,1.830000042915344,2.190000057220459,2259100
2026-05-05,1.7899999618530271,2.0999999046325684,1.75,2.0,1750200
2026-05-06,1.840000033378601,1.9700000286102293,1.809999942779541,1.950000047683716,966800
2026-05-07,1.870000004768372,2.059999942779541,1.820000052452088,1.899999976158142,3273700
2026-05-08,1.7999999523162842,1.8899999856948853,1.7799999713897705,1.8899999856948853,1015200
2026-05-11,1.75,1.840000033378601,1.75,1.7999999523162842,815700
2026-05-12,1.75,1.82099997997284,1.7400000095367432,1.7799999713897705,599900
2026-05-13,1.8799999952316284,1.950000047683716,1.6699999570846558,1.7799999713897705,1255600
2026-05-14,1.850000023841858,1.9160000085830688,1.815000057220459,1.899999976158142,366300
2026-05-15,1.7699999809265137,1.830000042915344,1.75,1.7999999523162842,428700
2026-05-18,1.7200000286102295,1.83899998664856,1.7100000381469729,1.7599999904632568,425700
2026-05-19,1.75,1.784999966621399,1.7000000476837158,1.7100000381469729,247600
2026-05-20,1.7400000095367432,1.7649999856948853,1.690000057220459,1.7300000190734863,303100
2026-05-21,1.9600000381469729,1.9700000286102293,1.690000057220459,1.7300000190734863,947800
2026-05-22,1.899999976158142,2.025000095367432,1.8899999856948853,1.9700000286102293,414200
2026-05-26,1.899999976158142,2.0,1.8600000143051147,1.919999957084656,546200
2026-05-27,1.870000004768372,1.9299999475479128,1.809999942779541,1.8799999952316284,271100
2026-05-28,1.870000004768372,1.899999976158142,1.820000052452088,1.840000033378601,430300
2026-05-29,1.8799999952316284,1.919999957084656,1.830000042915344,1.8899999856948853,259100
2026-06-01,1.940000057220459,2.009999990463257,1.850000023841858,1.8799999952316284,434700
2026-06-02,1.9800000190734863,2.0299999713897705,1.8799999952316284,1.9600000381469729,460300
2026-06-03,1.850000023841858,1.9700000286102293,1.850000023841858,1.9700000286102293,323900
2026-06-04,1.8949999809265137,2.0,1.809999942779541,1.830000042915344,301300
2026-06-05,1.7100000381469729,1.909999966621399,1.690000057220459,1.8899999856948853,975800
2026-06-08,1.7200000286102295,1.809999942779541,1.649999976158142,1.7400000095367432,481600
2026-06-09,1.600000023841858,1.7799999713897705,1.5850000381469729,1.7300000190734863,588100
2026-06-10,1.649999976158142,1.75,1.600000023841858,1.600000023841858,391600
2026-06-11,1.6100000143051147,1.7289999723434448,1.6100000143051147,1.6399999856948853,223100
2026-06-12,1.590000033378601,1.7100000381469729,1.590000033378601,1.6299999952316284,285300
2026-06-15,1.559999942779541,1.6799999475479126,1.5399999618530271,1.649999976158142,611500
2026-06-16,1.5099999904632568,1.649999976158142,1.5,1.5800000429153442,462600
2026-06-17,1.590000033378601,1.7200000286102295,1.524999976158142,1.5299999713897705,1024100
2026-06-18,1.659999966621399,1.6699999570846558,1.600000023841858,1.6299999952316284,425900
2026-06-22,1.5,1.6399999856948853,1.4700000286102295,1.6399999856948853,996800
2026-06-23,1.5399999618530271,1.600000023841858,1.4700000286102295,1.4700000286102295,314300
2026-06-24,1.440000057220459,1.531999945640564,1.375,1.5199999809265137,872900
2026-06-25,1.4500000476837158,1.5099999904632568,1.3899999856948853,1.5,1180000
2026-06-26,1.600000023841858,1.6299999952316284,1.4550000429153442,1.5499999523162842,6018700
2026-06-29,1.5399999618530271,1.6100000143051147,1.5,1.5499999523162842,800200
2026-06-30,1.4600000381469729,1.590000033378601,1.4550000429153442,1.5099999904632568,735500
2026-07-01,1.399999976158142,1.5290000438690186,1.3899999856948853,1.5199999809265137,545700
2026-07-02,1.340000033378601,1.4500000476837158,1.3300000429153442,1.399999976158142,477300
2026-07-06,1.3700000047683716,1.4199999570846558,1.309999942779541,1.340000033378601,467300
2026-07-07,1.2699999809265137,1.3700000047683716,1.2599999904632568,1.3700000047683716,471800
2026-07-08,1.2200000286102295,1.284999966621399,1.184999942779541,1.2599999904632568,539600
2026-07-09,1.190000057220459,1.25,1.1799999475479126,1.2000000476837158,577400
2026-07-10,1.1799999475479126,1.2100000381469729,1.1349999904632568,1.190000057220459,648500
2026-07-13,1.190000057220459,1.215000033378601,1.1679999828338623,1.1799999475479126,299200
2026-07-14,1.159999966621399,1.2300000190734863,1.149999976158142,1.190000057220459,262300
2026-07-15,1.149999976158142,1.190000057220459,1.0950000286102295,1.190000057220459,388500
2026-07-16,1.1299999952316284,1.1699999570846558,1.1200000047683716,1.1699999570846558,341000
2026-07-17,1.159999966621399,1.184999942779541,1.0750000476837158,1.100000023841858,330500
2026-07-20,1.149999976158142,1.2050000429153442,1.149999976158142,1.159999966621399,123500
2026-07-21,1.149999976158142,1.1749999523162842,1.133999943733215,1.1399999856948853,175600
2026-07-22,1.1399999856948853,1.1749999523162842,1.1200000047683716,1.1299999952316284,202400
2026-07-23,1.1399999856948853,1.149999976158142,1.1200000047683716,1.1200000047683716,169400
2026-07-24,1.190000057220459,1.2649999856948853,1.1050000190734863,1.1399999856948853,600300
2026-07-27,1.25,1.2799999713897705,1.159999966621399,1.2000000476837158,567100
2026-07-28,1.2599999904632568,1.2799999713897705,1.2239999771118164,1.25,266700
2026-07-29,1.159999966621399,1.2999999523162842,1.1299999952316284,1.2599999904632568,501000
2026-07-30,1.1649999618530271,1.1959999799728394,1.159999966621399,1.1699999570846558,129600
2026-07-31,1.149999976158142,1.1779999732971191,1.100000023841858,1.159999966621399,329000
2026-08-03,1.2200000286102295,1.2599999904632568,1.149999976158142,1.149999976158142,225200
2026-08-04,1.2300000190734863,1.2599999904632568,1.2100000381469729,1.2300000190734863,212700
2026-08-05,1.2699999809265137,1.2899999618530271,1.2050000429153442,1.2400000095367432,157200
2026-08-06,1.2400000095367432,1.2799999713897705,1.2300000190734863,1.2599999904632568,175000
2026-08-07,1.3300000429153442,1.3300000429153442,1.2400000095367432,1.2599999904632568,185800
2026-08-10,1.2799999713897705,1.3480000495910645,1.25,1.3300000429153442,186700
2026-08-11,1.3300000429153442,1.340000033378601,1.2699999809265137,1.2899999618530271,205900
2026-08-12,1.340000033378601,1.3600000143051147,1.3029999732971191,1.340000033378601,175100
2026-08-13,1.3799999952316284,1.409999966621399,1.3450000286102295,1.350000023841858,288700
2026-08-14,1.4299999475479126,1.4700000286102295,1.3700000047683716,1.409999966621399,363900
2026-08-17,1.5,1.5099999904632568,1.3899999856948853,1.4299999475479126,343500
2026-08-18,1.5399999618530271,1.5549999475479126,1.4700000286102295,1.4800000190734863,207500
2026-08-19,1.5099999904632568,1.565000057220459,1.5,1.559999942779541,325600
2026-08-20,1.5499999523162842,1.5850000381469729,1.4900000095367432,1.5099999904632568,259300
2026-08-21,1.5499999523162842,1.6299999952316284,1.5390000343322754,1.559999942779541,394000
2026-08-24,1.5549999475479126,1.5800000429153442,1.5199999809265137,1.5800000429153442,270600
2026-08-25,1.5099999904632568,1.5700000524520874,1.4800000190734863,1.5499999523162842,333800
2026-08-26,1.4700000286102295,1.534999966621399,1.4600000381469729,1.5099999904632568,260000
2026-08-27,1.4900000095367432,1.5199999809265137,1.4700000286102295,1.4800000190734863,220000
2026-08-28,1.4800000190734863,1.5149999856948853,1.4700000286102295,1.4900000095367432,133400
2026-08-31,1.409999966621399,1.4800000190734863,1.409999966621399,1.4500000476837158,198100
2026-09-01,1.3899999856948853,1.4500000476837158,1.3700000047683716,1.3899999856948853,336800
2026-09-02,1.2999999523162842,1.440000057220459,1.25,1.3899999856948853,639000
2026-09-03,1.340000033378601,1.340000033378601,1.2599999904632568,1.2999999523162842,195700
2026-09-04,1.2899999618530271,1.3300000429153442,1.2699999809265137,1.3300000429153442,266300
2026-09-08,1.2899999618530271,1.3200000524520874,1.2350000143051147,1.2699999809265137,425500
2026-09-09,1.2400000095367432,1.3200000524520874,1.2100000381469729,1.2899999618530271,256800
2026-09-10,1.149999976158142,1.2400000095367432,1.1399999856948853,1.2100000381469729,330700
2026-09-11,1.1399999856948853,1.184999942779541,1.1200000047683716,1.1799999475479126,357900
2026-09-14,1.149999976158142,1.149999976158142,1.1050000190734863,1.149999976158142,386900
2026-09-15,1.2000000476837158,1.2000000476837158,1.1039999723434448,1.1399999856948853,445000
2026-09-16,1.1799999475479126,1.2100000381469729,1.149999976158142,1.2000000476837158,320800
2026-09-17,1.2000000476837158,1.2100000381469729,1.159999966621399,1.190000057220459,405200
2026-09-18,1.2300000190734863,1.2699999809265137,1.1799999475479126,1.190000057220459,699500
2026-09-21,1.2300000190734863,1.2999999523162842,1.2000000476837158,1.25,377800
2026-09-22,1.2100000381469729,1.2949999570846558,1.2000000476837158,1.2300000190734863,480900
2026-09-23,1.1699999570846558,1.2200000286102295,1.1649999618530271,1.2100000381469729,261400
2026-09-24,1.284999966621399,1.2899999618530271,1.159999966621399,1.1699999570846558,321000
2026-09-25,1.399999976158142,1.409999966621399,1.2799999713897705,1.2799999713897705,703200
2026-09-28,1.2549999952316284,1.3600000143051147,1.25,1.350000023841858,214900
2026-09-29,1.3700000047683716,1.3899999856948853,1.25,1.25,303700
2026-09-30,1.3200000524520874,1.3899999856948853,1.2450000047683716,1.3600000143051147,1177300
2026-10-01,1.225000023841858,1.3200000524520874,1.2200000286102295,1.309999942779541,292000
2026-10-02,1.2200000286102295,1.3049999475479126,1.2100000381469729,1.3049999475479126,236000
2026-10-05,1.190000057220459,1.2300000190734863,1.1749999523162842,1.2100000381469727,236600
2026-10-06,1.2200000286102295,1.2799999713897705,1.1799999475479126,1.2100000381469727,387600
2026-10-07,1.190000057220459,1.2200000286102295,1.1449999809265137,1.2000000476837158,454500
2026-10-08,1.1200000047683716,1.184000015258789,1.100000023841858,1.1799999475479126,312700
2026-10-09,1.1299999952316284,1.1699999570846558,1.1100000143051147,1.149999976158142,364500
